101,693.0043697357178,[69.36767578125, -44.7857666015625, -29.586181640625, 7.26318359375, -1.77001953125, -6.103515625, 6.725214843750001, 6.7012646484375, 2.289638671875, 10033.0, -2336.0, 17642.0],3,0.94025385
102,17.54617691040039,[69.4830322265625, -44.7308349609375, -29.630126953125, 9.27734375, -2.86865234375, -7.8125, 6.571933593750001, 6.6294140625, 2.16509765625, -176.0, -385.0, -13.0],3,0.9400444
103,20.108938217163086,[69.6478271484375, -44.659423828125, -29.70703125, 12.87841796875, -4.7607421875, -10.25390625, 6.571933593750001, -17.177080078125, 2.16509765625, -175.0, -385.0, -15.0],3,0.94053787
104,18.889904022216797,[69.8785400390625, -44.5770263671875, -29.8223876953125, 18.798828125, -8.48388671875, -12.51220703125, 6.571933593750001, -14.724580078125001, 2.16509765625, -175.0, -385.0, -13.0],3,0.94140196
105,19.052743911743164,[70.2191162109375, -44.483642578125, -30.003662109375, 24.7802734375, -11.65771484375, -15.07568359375, 6.4569726562500005, 6.9695068359375005, 1.3699511718750002, -176.0, -386.0, -14.0],1,0.55631435
106,18.2034969329834,[70.6365966796875, -44.373779296875, -30.245361328125, 24.35302734375, -14.5263671875, -17.333984375, 6.4569726562500005, -14.724580078125001, 1.3699511718750002, -175.0, -386.0, -13.0],3,0.9428796
107,18.421649932861328,[71.092529296875, -44.2529296875, -30.531005859375, 25.390625, -17.27294921875, -19.83642578125, 6.4569726562500005, -13.498330078125, 1.3699511718750002, -175.0, -386.0, -12.0],3,0.9415344
108,17.910003662109375,[71.597900390625, -44.1156005859375, -30.87158203125, 25.390625, -156.3720703125, -19.83642578125, 6.571933593750001, 7.477250976562501, 1.6334033203125, -174.0, -386.0, -11.0],3,0.9431438
109,17.361879348754883,[72.1856689453125, -43.96728515625, -31.2835693359375, 34.36279296875, -26.85546875, -24.0478515625, 6.428232421875, 7.1658984375, 1.4897021484375002, -173.0, -388.0, -9.0],3,0.9414809
110,17.38572120666504,[72.88330078125, -43.8134765625, -31.7669677734375, 34.36279296875, -93.8720703125, -24.0478515625, 6.2797412109375, 6.792275390625, 1.0777587890625, -174.0, -389.0, -7.0],3,0.94305545
111,17.03786849975586,[73.6907958984375, -43.648681640625, -32.3272705078125, 45.47119140625, -36.31591796875, -29.4189453125, 6.231840820312501, 7.084467773437501, 0.9867480468750001, -173.0, -390.0, -6.0],3,0.9423596
112,17.143964767456055,[74.5916748046875, -43.4619140625, -32.947998046875, 50.537109375, -42.236328125, -31.3720703125, 5.9444384765625005, 7.2281689453125, 0.737666015625, -172.0, -390.0, -4.0],2,0.020950139
113,17.185688018798828,[75.5859375, -43.2586669921875, -33.651123046875, 54.87060546875, -47.8515625, -32.77587890625, 5.7432568359375, 7.0269873046875, 0.6083349609375001, -171.0, -391.0, -2.0],2,0.018594563
114,17.711400985717773,[76.673583984375, -43.055419921875, -34.43115234375, 56.45751953125, -54.3212890625, -32.65380859375, 5.853427734375, 6.983876953125001, 0.51732421875, -169.0, -392.0, 0.0],2,0.020747215
115,18.15509796142578,[77.816162109375, -42.8521728515625, -35.2880859375, 59.26513671875, -61.34033203125, -31.6162109375, 5.6091357421875, 6.6964746093750005, 0.0047900390625, -169.0, -394.0, 2.0],3,0.94255805
116,19.44422721862793,[79.0521240234375, -42.6708984375, -36.2384033203125, 64.63623046875, -69.51904296875, -28.86962890625, 5.3983740234375, 5.8965380859375, -0.6035449218750001, -168.0, -395.0, 5.0],3,0.9417651
117,19.209623336791992,[80.408935546875, -42.528076171875, -37.2930908203125, 64.63623046875, 187.744140625, -28.86962890625, 5.297783203125, 5.3217333984375, -1.1687695312500002, -168.0, -395.0, 10.0],3,0.9414097
118,17.954349517822266,[81.8316650390625, -42.4456787109375, -38.43017578125, 66.34521484375, -83.1298828125, -13.5498046875, 5.479804687500001, 4.7900390625, -1.37953125, -167.0, -397.0, 15.0],3,0.9363885
119,18.35918426513672,[83.2818603515625, -42.451171875, -39.6331787109375, 66.34521484375, 65.185546875, -88.5009765625, 5.642666015625, 4.4978466796875, -1.6046630859375002, -165.0, -398.0, 19.0],3,0.93827593
120,17.412185668945312,[84.7430419921875, -42.572021484375, -40.902099609375, 63.3544921875, -91.85791015625, 12.3291015625, 6.2222607421875, 3.9469921875000002, -1.6717236328125, -165.0, -398.0, 23.0],3,0.93694365
121,17.1966552734375,[86.2152099609375, -42.8192138671875, -42.2039794921875, 61.1572265625, -92.4072265625, 29.541015625, 6.504873046875001, 2.5051904296875, -2.0261865234375, -164.0, -398.0, 29.0],3,0.9365279
122,16.994714736938477,[87.6763916015625, -43.2421875, -43.5333251953125, 58.89892578125, -90.9423828125, 52.18505859375, 6.710844726562501, 0.929267578125, -2.0740869140625002, -164.0, -398.0, 34.0],3,0.9408221
123,17.055749893188477,[89.088134765625, -43.890380859375, -44.835205078125, 50.35400390625, -83.67919921875, 75.927734375, 7.1419482421875005, 1.197509765625, -1.5471826171875, -164.0, -397.0, 40.0],3,0.945143
124,17.065048217773438,[90.384521484375, -44.7528076171875, -46.1041259765625, 41.1376953125, -83.251953125, 96.6796875, 8.41130859375, 1.2789404296875, -1.753154296875, -164.0, -395.0, 46.0],3,0.94534755
125,17.090320587158203,[91.6259765625, -45.81298828125, -47.384033203125, 34.48486328125, -72.57080078125, 115.78369140625, 9.40763671875, 3.2572265625, -0.775986328125, -165.0, -392.0, 53.0],3,0.94608325
126,18.103361129760742,[92.7740478515625, -47.0269775390625, -48.6090087890625, 32.16552734375, -84.1064453125, 124.267578125, 9.647138671875, 5.38400390625, -2.1938378906250002, -166.0, -387.0, 59.0],3,0.94767356
127,18.801212310791016,[94.163818359375, -48.3123779296875, -50.108642578125, 32.16552734375, 32.8369140625, -81.35986328125, 11.869716796875, 3.1422656250000003, -1.59029296875, -169.0, -381.0, 65.0],3,0.9483422
128,18.18704605102539,[95.4656982421875, -49.74609375, -51.514892578125, 25.20751953125, -61.8896484375, 154.72412109375, 10.32732421875, 2.0070263671875, -0.26345214843750003, -172.0, -374.0, 71.0],3,0.94815654
129,17.354965209960938,[96.690673828125, -51.3006591796875, -52.8387451171875, 31.982421875, -71.83837890625, 161.80419921875, 10.32732421875, 2.0070263671875, -0.26345214843750003, -175.0, -368.0, 77.0],3,0.9478611
130,18.251657485961914,[98.3001708984375, -52.8826904296875, -54.481201171875, 42.236328125, -83.984375, 164.306640625, 9.570498046875, 2.481240234375, -2.9889843750000002, -180.0, -359.0, 83.0],3,0.94755447
131,17.40431785583496,[100.17333984375, -54.4207763671875, -56.370849609375, 32.8369140625, -78.55224609375, 160.2783203125, 9.934541015625001, 3.6883300781250004, -2.7255322265625, -183.0, -350.0, 88.0],3,0.9471989
132,17.17853546142578,[102.052001953125, -55.887451171875, -58.3538818359375, 22.705078125, -81.48193359375, 157.65380859375, 10.71052734375, 4.73255859375, -2.7207421875, -188.0, -340.0, 94.0],3,0.94692194
133,17.397165298461914,[103.99658203125, -57.2772216796875, -60.4742431640625, 16.9677734375, -74.03564453125, 153.50341796875, 11.5392041015625, 6.1743603515625, -2.6441015625, -192.0, -331.0, 101.0],3,0.94665015
134,17.134428024291992,[105.908203125, -58.590087890625, -62.578125, 16.6015625, -67.56591796875, 148.01025390625, 11.7116455078125, 7.1754785156250005, -1.9687060546875002, -196.0, -321.0, 106.0],3,0.9462718
135,17.847061157226562,[107.8472900390625, -59.8260498046875, -64.6710205078125, 9.58251953125, -58.349609375, 144.71435546875, 11.505673828125001, 7.5538916015625, -1.4992822265625, -199.0, -309.0, 111.0],3,0.9461503
136,17.334938049316406,[109.654541015625, -61.0125732421875, -66.6815185546875, -2.8076171875, -52.734375, 140.19775390625, 10.7248974609375, 7.189848632812501, -0.7664062500000001, -202.0, -298.0, 115.0],3,0.9462626
137,17.17996597290039,[111.37939453125, -62.127685546875, -68.675537109375, -7.26318359375, -49.86572265625, 133.6669921875, 10.1788330078125, 6.8593359375, -0.488583984375, -205.0, -287.0, 120.0],2,0.14964542
138,18.65696907043457,[113.104248046875, -63.1494140625, -70.653076171875, -8.23974609375, -47.119140625, 126.3427734375, 9.7285693359375, 6.619833984375, -0.30177246093750004, -209.0, -277.0, 124.0],3,0.9463814
139,18.98193359375,[114.7796630859375, -64.0887451171875, -72.5592041015625, -11.8408203125, -39.24560546875, 116.5771484375, 9.7285693359375, 6.619833984375, -0.30177246093750004, -211.0, -268.0, 126.0],3,0.9462816
140,18.004417419433594,[116.334228515625, -64.92919921875, -74.300537109375, -11.8408203125, -39.24560546875, 116.5771484375, 8.3681982421875, 6.0306591796875, 0.335302734375, -213.0, -259.0, 129.0],3,0.9461509
141,19.316911697387695,[118.01513671875, -65.6268310546875, -76.0198974609375, 15.19775390625, -44.7998046875, 92.71240234375, 8.0999560546875, 6.0641894531250005, -0.09580078125000001, -215.0, -249.0, 131.0],3,0.94611716
142,17.962932586669922,[119.9212646484375, -66.170654296875, -77.76123046875, 27.03857421875, -53.1005859375, 80.4443359375, 7.941884765625001, 6.15041015625, -0.18202148437500001, -217.0, -240.0, 133.0],3,0.9455963
143,17.48514175415039,[121.9921875, -66.5386962890625, -79.5465087890625, 30.57861328125, -58.77685546875, 68.359375, 8.4256787109375, 6.34201171875, -0.5987548828125, -219.0, -231.0, 135.0],3,0.9445312
144,17.134666442871094,[124.0301513671875, -66.7584228515625, -81.2548828125, 27.9541015625, -54.87060546875, 57.7392578125, 9.1058642578125, 6.600673828125, -0.9436376953125001, -219.0, -223.0, 136.0],3,0.9422753
145,17.148733139038086,[125.7989501953125, -66.90673828125, -82.694091796875, 21.05712890625, -44.73876953125, 48.64501953125, 9.7285693359375, 6.9216064453125, -0.7232958984375001, -220.0, -216.0, 139.0],3,0.93882275
146,17.116546630859375,[127.188720703125, -67.0330810546875, -83.78173828125, 12.14599609375, -34.423828125, 42.66357421875, 9.613608398437501, 6.9024462890625005, -0.4981640625, -220.0, -209.0, 141.0],3,0.9339642
147,17.001867294311523,[128.221435546875, -67.1649169921875, -84.55078125, 8.30078125, -24.5361328125, 38.02490234375, 9.163344726562501, 6.7683251953125, -0.7807763671875, -220.0, -203.0, 144.0],3,0.93121773
148,17.141103744506836,[128.9630126953125, -67.32421875, -85.0506591796875, -5.615234375, -13.85498046875, 35.09521484375, 9.1729248046875, 6.18873046875, 0.37362304687500003, -220.0, -197.0, 145.0],3,0.9312701
149,18.053531646728516,[129.232177734375, -67.5439453125, -85.1824951171875, -9.6435546875, 6.2255859375, 18.24951171875, 9.857900390625, 11.103310546875, 4.4068359375, -219.0, -191.0, 147.0],3,0.8452662
150,18.648386001586914,[128.91357421875, -67.6593017578125, -84.61669921875, 0.0, -28.86962890625, -14.404296875, 11.041040039062501, 15.457456054687501, 0.8286767578125, -219.0, -187.0, 148.0],3,0.61151206
151,17.954587936401367,[129.1387939453125, -67.2637939453125, -84.5892333984375, -21.97265625, -70.00732421875, -22.88818359375, 17.253720703125, 9.680668945312501, -3.5015185546875003, -218.0, -183.0, 149.0],3,0.66033137
152,17.74454116821289,[129.0673828125, -66.763916015625, -84.5562744140625, -54.5654296875, 10.68115234375, -28.3203125, 18.767373046875, 4.569697265625, -2.9937744140625, -217.0, -180.0, 149.0],3,0.8156332
153,18.074750900268555,[127.2491455078125, -66.763916015625, -82.935791015625, -64.208984375, 72.8759765625, -20.01953125, 13.20134765625, -0.3879931640625, -2.31837890625, -216.0, -177.0, 149.0],1,0.44926423
154,18.078327178955078,[124.7607421875, -67.0770263671875, -80.6396484375, -53.22265625, 67.138671875, -7.568359375, 13.20134765625, -0.3879931640625, -2.31837890625, -215.0, -175.0, 149.0],3,0.9446845
155,17.297029495239258,[122.8765869140625, -67.39013671875, -78.8763427734375, -53.22265625, 67.138671875, -7.568359375, 6.102509765625, -6.207890625, 3.4152978515625003, -215.0, -174.0, 148.0],3,0.9484005
156,17.088651657104492,[122.310791015625, -67.6153564453125, -78.1072998046875, 36.2548828125, 5.4931640625, 16.78466796875, 7.477250976562501, -4.315825195312501, 0.70892578125, -215.0, -173.0, 147.0],2,0.005928099
157,17.244338989257812,[122.7337646484375, -67.8570556640625, -77.904052734375, 61.70654296875, 15.869140625, 22.0947265625, 10.811118164062501, -0.51732421875, -3.2236962890625, -215.0, -172.0, 145.0],2,0.002744466
158,17.412662506103516,[123.22265625, -68.1756591796875, -77.58544921875, 68.2373046875, 13.73291015625, 16.29638671875, 12.966635742187501, 2.2369482421875, -3.3290771484375004, -215.0, -171.0, 144.0],1,0.4548427
159,17.02880859375,[123.7664794921875, -68.40087890625, -77.2998046875, 64.94140625, 12.75634765625, 8.36181640625, 14.887441406250002, 3.5110986328125002, -2.24173828125, -215.0, -171.0, 142.0],3,0.9485276
160,17.01521873474121,[124.1455078125, -68.587646484375, -76.8768310546875, 66.34521484375, 22.0947265625, 5.9814453125, 14.5569287109375, 4.0667431640625, -2.251318359375, -215.0, -170.0, 141.0],3,0.9484446
161,18.940448760986328,[124.34326171875, -68.807373046875, -76.2396240234375, 69.2138671875, 29.4189453125, 7.2021484375, 12.5642724609375, 3.7170703125, -2.8883935546875, -213.0, -169.0, 141.0],3,0.9483316
162,19.091367721557617,[124.3927001953125, -69.0875244140625, -75.4705810546875, 52.24609375, 38.4521484375, 13.671875, 10.298583984375, 3.0704150390625, -2.8500732421875004, -213.0, -169.0, 141.0],3,0.9481097
163,18.136024475097656,[124.21142578125, -69.4610595703125, -74.6795654296875, 27.099609375, 37.53662109375, 22.76611328125, 8.880732421875, 2.7494824218750002, -2.557880859375, -25768.0, -6706.0, 17610.0],2,0.16038695
164,19.25039291381836,[123.936767578125, -69.89501953125, -74.0478515625, 10.8642578125, 35.82763671875, 30.029296875, 8.6460205078125, 2.3040087890625003, -2.12677734375, -213.0, -168.0, 140.0],3,0.94766164
165,18.258094787597656,[123.662109375, -70.367431640625, -73.5589599609375, 7.8125, 35.58349609375, 34.3017578125, 8.9334228515625, 1.9495458984375, -1.8537451171875001, -213.0, -168.0, 140.0],3,0.94716835
166,17.589330673217773,[123.4259033203125, -70.86181640625, -73.125, 7.8125, 35.58349609375, 34.3017578125, 9.0483837890625, 1.7627343750000002, -1.561552734375, -213.0, -167.0, 140.0],3,0.9468089
167,17.06385612487793,[123.2611083984375, -71.356201171875, -72.7239990234375, 18.4326171875, 33.14208984375, 34.48486328125, 8.94779296875, 1.8345849609375, -1.4465917968750002, -213.0, -168.0, 140.0],3,0.9469266
168,17.095088958740234,[123.1787109375, -71.82861328125, -72.333984375, 26.55029296875, 33.447265625, 32.89794921875, 8.737031250000001, 2.4237597656250003, -1.4849121093750002, -215.0, -167.0, 140.0],3,0.9461679
169,17.142295837402344,[123.123779296875, -72.2900390625, -71.89453125, 34.24072265625, 33.935546875, 31.18896484375, 8.535849609375001, 3.2428564453125, -1.504072265625, -215.0, -166.0, 140.0],3,0.9439406
170,17.084598541259766,[123.079833984375, -72.7294921875, -71.38916015625, 37.841796875, 34.24072265625, 29.11376953125, 8.48794921875, 3.879931640625, -1.4849121093750002, -215.0, -165.0, 140.0],3,0.9430025
171,17.111778259277344,[122.9864501953125, -73.1524658203125, -70.806884765625, 37.4755859375, 35.15625, 26.4892578125, 8.5454296875, 4.27271484375, -1.4226416015625, -216.0, -164.0, 140.0],3,0.9429002
172,17.541885375976562,[122.783203125, -73.54248046875, -70.11474609375, 36.19384765625, 35.58349609375, 23.49853515625, 8.4639990234375, 4.3733056640625, -1.5471826171875, -217.0, -164.0, 140.0],3,0.94278455
173,20.46513557434082,[122.4810791015625, -73.905029296875, -69.3292236328125, 36.19384765625, -13.3056640625, -10.009765625, 8.44962890625, 4.6032275390625, -1.5855029296875, -218.0, -164.0, 140.0],3,0.9428055
174,18.91016960144043,[122.1514892578125, -74.2181396484375, -68.4942626953125, 43.27392578125, 27.52685546875, 15.2587890625, 8.5023193359375, 4.794829101562501, -2.308798828125, -219.0, -163.0, 140.0],3,0.9427127
175,19.522905349731445,[122.01416015625, -74.443359375, -67.774658203125, 51.3916015625, 22.76611328125, 12.939453125, 8.966953125, 4.3349853515625005, -2.8931835937500003, -219.0, -162.0, 139.0],3,0.9424475
176,18.56064796447754,[122.0306396484375, -74.6246337890625, -67.137451171875, 54.26025390625, 18.49365234375, 10.19287109375, 8.957373046875, 4.1242236328125, -3.496728515625, -219.0, -161.0, 140.0],3,0.9423533
177,19.14048194885254,[122.16796875, -74.7509765625, -66.6265869140625, 48.4619140625, 12.8173828125, 9.033203125, 8.8903125, 3.8703515625000002, -3.8751416015625, -220.0, -160.0, 139.0],3,0.94233686
178,17.469406127929688,[122.3876953125, -74.827880859375, -66.29150390625, 36.0107421875, 7.99560546875, 7.6904296875, 9.0196435546875, 3.6883300781250004, -3.9853125, -220.0, -160.0, 139.0],3,0.9423472
179,17.368555068969727,[122.6129150390625, -74.871826171875, -66.1102294921875, 20.1416015625, 4.33349609375, 7.50732421875, 9.254355468750001, 3.7985009765625004, -3.7170703125, -220.0, -158.0, 138.0],3,0.94221663
180,17.53997802734375,[122.794189453125, -74.893798828125, -66.0552978515625, 20.1416015625, 121.7041015625, 7.50732421875, 9.560917968750001, 3.908671875, -3.3961376953125, -220.0, -159.0, 139.0],2,0.27253908
181,17.263174057006836,[122.87109375, -74.915771484375, -66.07177734375, -13.36669921875, 2.13623046875, 9.765625, 9.723779296875, 3.8655615234375, -3.1374755859375, -220.0, -157.0, 139.0],2,0.27132377
182,17.301082611083984,[122.8106689453125, -74.9542236328125, -66.11572265625, -28.62548828125, 4.08935546875, 11.90185546875, 9.7573095703125, 3.5781591796875003, -2.596201171875, -220.0, -156.0, 139.0],2,0.2767981
183,17.419815063476562,[122.596435546875, -75.0201416015625, -66.1431884765625, -39.85595703125, 5.37109375, 13.3056640625, 9.6902490234375, 3.0320947265625002, -2.01181640625, -221.0, -155.0, 138.0],2,0.2553314
184,18.875598907470703,[122.2723388671875, -75.1025390625, -66.1651611328125, -45.166015625, 6.53076171875, 14.404296875, 9.7716796875, 2.4093896484375, -1.5376025390625, -221.0, -154.0, 137.0],2,0.25530946
185,18.40519905090332,[121.8878173828125, -75.2069091796875, -66.15966796875, -44.00634765625, 9.21630859375, 15.2587890625, 9.8435302734375, 1.9351757812500001, -1.1543994140625, -221.0, -154.0, 137.0],2,0.2435844
186,18.17917823791504,[121.4703369140625, -75.3387451171875, -66.0882568359375, -36.68212890625, 10.07080078125, 15.0146484375, 9.896220703125001, 1.5950830078125, -0.9340576171875, -222.0, -153.0, 135.0],2,0.22403918
187,18.359899520874023,[121.1077880859375, -75.4705810546875, -65.994873046875, -24.71923828125, 9.6435546875, 14.5263671875, 10.015971679687501, 1.4034814453125, -0.890947265625, -222.0, -153.0, 135.0],2,0.20485108
188,18.076658248901367,[120.8770751953125, -75.60791015625, -65.9014892578125, -9.765625, 9.8876953125, 13.97705078125, 10.092612304687501, 1.3747412109375001, -1.0777587890625, -224.0, -152.0, 134.0],2,0.19239333
189,17.60244369506836,[120.794677734375, -75.7452392578125, -65.80810546875, 4.39453125, 9.82666015625, 13.916015625, 10.092612304687501, -1.07296875, -0.7232958984375001, -224.0, -151.0, 133.0],2,0.16935167
190,17.19379425048828,[120.82763671875, -75.8880615234375, -65.7037353515625, 16.6015625, 9.8876953125, 14.16015625, 10.183623046875, 1.7100439453125, -1.2118798828125001, -224.0, -150.0, 132.0],2,0.16177247
191,17.235994338989258,[120.9979248046875, -76.0308837890625, -65.6103515625, 27.64892578125, 9.82666015625, 14.404296875, 10.121352539062501, 1.8872753906250002, -1.37953125, -224.0, -149.0, 131.0],2,0.15588978
192,17.346858978271484,[121.2725830078125, -76.1846923828125, -65.533447265625, 35.0341796875, 9.58251953125, 14.22119140625, 10.092612304687501, 2.1603076171875, -1.4034814453125, -224.0, -148.0, 131.0],2,0.14945635
193,17.201900482177734,[121.6241455078125, -76.3330078125, -65.467529296875, 40.0390625, 9.765625, 14.09912109375, 10.068662109375001, 2.404599609375, -1.6429833984375002, -225.0, -148.0, 131.0],2,0.14371303
194,17.323970794677734,[121.9921875, -76.4813232421875, -65.379638671875, 38.330078125, 12.0849609375, 14.58740234375, 9.90580078125, 2.5818310546875, -1.5280224609375002, -225.0, -147.0, 129.0],2,0.14108388
195,19.128084182739258,[122.266845703125, -76.6461181640625, -65.2203369140625, 33.63037109375, 12.451171875, 14.2822265625, 9.704619140625, 2.806962890625, -1.5232324218750002, -226.0, -144.0, 128.0],2,0.14350422
196,18.262386322021484,[122.4755859375, -76.805419921875, -65.050048828125, 27.77099609375, 12.14599609375, 13.36669921875, 9.747729492187501, 2.9027636718750003, -1.5855029296875, -226.0, -143.0, 127.0],2,0.1533533
197,19.119739532470703,[122.5799560546875, -76.959228515625, -64.8358154296875, 20.81298828125, 13.73291015625, 13.12255859375, 9.695039062500001, 2.9841943359375, -1.638193359375, -227.0, -143.0, 128.0],2,0.169845
198,19.30069923400879,[122.5360107421875, -77.1185302734375, -64.5391845703125, 13.3056640625, 15.625, 12.87841796875, 9.474697265625, 2.921923828125, -1.6813037109375002, -228.0, -141.0, 127.0],2,0.18964766
199,18.18251609802246,[122.3602294921875, -77.288818359375, -64.1766357421875, 7.4462890625, 16.54052734375, 13.5498046875, 9.244775390625, 2.7303222656250004, -1.7387841796875, -229.0, -140.0, 127.0],2,0.20826878
200,17.375946044921875,[122.113037109375, -77.4591064453125, -63.78662109375, 2.44140625, 17.76123046875, 14.6484375, 9.1825048828125, 2.4572900390625003, -1.4944921875000001, -230.0, -138.0, 127.0],2,0.22185934
201,17.31705665588379,[121.7724609375, -77.6513671875, -63.3636474609375, -0.18310546875, 18.5546875, 15.5029296875, 9.268725585937501, 2.1411474609375003, -1.3460009765625, -230.0, -137.0, 124.0],2,0.22679184
202,17.218351364135742,[121.409912109375, -77.8436279296875, -62.9241943359375, 1.220703125, 18.310546875, 15.625, 9.268725585937501, -1.1064990234375, -0.6466552734375001, -231.0, -135.0, 124.0],2,0.20265105
203,17.228364944458008,[121.0748291015625, -78.0413818359375, -62.501220703125, 5.126953125, 17.76123046875, 15.68603515625, 9.747729492187501, 1.8824853515625002, -1.0585986328125, -232.0, -133.0, 123.0],2,0.19885959
204,17.317533493041992,[120.8111572265625, -78.233642578125, -62.1002197265625, 8.6669921875, 16.05224609375, 16.11328125, 9.8722705078125, 2.0453466796875, -1.0346484375, -232.0, -132.0, 121.0],2,0.19534938
205,17.320871353149414,[120.640869140625, -78.4259033203125, -61.76513671875, 11.5966796875, 14.892578125, 15.9912109375, 10.0830322265625, 2.0357666015625, -1.044228515625, -233.0, -130.0, 120.0],2,0.19046181
206,18.174171447753906,[120.52001953125, -78.6126708984375, -61.45751953125, 12.5732421875, 15.13671875, 16.357421875, 10.1548828125, 2.0549267578125, -0.7664062500000001, -234.0, -129.0, 116.0],2,0.1793183
207,17.83442497253418,[120.399169921875, -78.804931640625, -61.138916015625, 15.19775390625, 14.95361328125, 16.7236328125, 10.0830322265625, 2.1890478515625, -0.8382568359375, -235.0, -128.0, 117.0],2,0.17040306
208,18.409252166748047,[120.3167724609375, -78.9971923828125, -60.8258056640625, 18.12744140625, 13.7939453125, 16.54052734375, 9.972861328125001, 2.0645068359375003, -0.9244775390625001, -236.0, -125.0, 115.0],2,0.16613716
209,20.391225814819336,[120.333251953125, -79.1839599609375, -60.57861328125, 21.6064453125, 12.0849609375, 17.08984375, 9.877060546875, 1.9639160156250002, -0.8430468750000001, -236.0, -124.0, 114.0],2,0.16380775
210,18.390417098999023,[120.443115234375, -79.3707275390625, -60.3973388671875, 23.25439453125, 12.14599609375, 17.822265625, 9.776469726562501, 2.0166064453125, -0.9340576171875, -237.0, -122.0, 114.0],2,0.16248111
211,18.772125244140625,[120.5914306640625, -79.5574951171875, -60.2435302734375, 24.35302734375, 10.80322265625, 17.578125, 9.5465478515625, 2.0261865234375, -1.0490185546875002, -237.0, -120.0, 112.0],2,0.16533494
212,17.627716064453125,[120.7781982421875, -79.73876953125, -60.1116943359375, 25.2685546875, 10.07080078125, 17.2119140625, 9.3118359375, 1.9782861328125, -1.07296875, -238.0, -119.0, 111.0],2,0.16952366
213,17.734766006469727,[121.0089111328125, -79.9090576171875, -60.018310546875, 25.2685546875, 10.07080078125, 17.2119140625, 9.1920849609375, 2.0980371093750003, -1.0154882812500001, -239.0, -116.0, 110.0],2,0.17359602
214,17.243146896362305,[121.26708984375, -80.0848388671875, -59.96337890625, 22.94921875, 9.033203125, 18.12744140625, 9.3453662109375, 2.3231689453125, -1.197509765625, -239.0, -114.0, 109.0],2,0.18149066
215,17.69852638244629,[121.5472412109375, -80.2606201171875, -59.9359130859375, 22.27783203125, 9.3994140625, 18.24951171875, 9.4794873046875, 2.39501953125, -1.178349609375, -240.0, -112.0, 109.0],2,0.18827245
216,17.299175262451172,[121.7999267578125, -80.4364013671875, -59.886474609375, 21.484375, 9.6435546875, 17.88330078125, 9.508227539062501, 2.5243505859375, -1.2406201171875, 21333.0, 22173.0, -14643.0],1,0.50490916
217,17.358779907226562,[122.0196533203125, -80.606689453125, -59.8040771484375, 19.53125, 10.3759765625, 17.51708984375, 9.522597656250001, 2.4525, -1.302890625, -241.0, -107.0, 106.0],3,0.94220865
218,19.65808868408203,[122.1514892578125, -80.7769775390625, -59.65576171875, 17.4560546875, 11.53564453125, 17.63916015625, 9.493857421875001, 2.4093896484375, -1.3076806640625, -242.0, -105.0, 104.0],3,0.9428384
219,18.089771270751953,[122.200927734375, -80.958251953125, -59.43603515625, 15.68603515625, 12.87841796875, 17.51708984375, 9.4794873046875, 2.385439453125, -1.3412109375, -242.0, -102.0, 103.0],3,0.94316155
220,18.124103546142578,[122.16796875, -81.1395263671875, -59.1448974609375, 15.44189453125, 13.36669921875, 17.15087890625, 9.455537109375001, 2.0740869140625002, -1.3843212890625, -244.0, -100.0, 102.0],3,0.9433039
221,18.219470977783203,[122.1405029296875, -81.3153076171875, -58.853759765625, 15.869140625, 11.3525390625, 16.78466796875, 9.3932666015625, 1.6908837890625001, -1.2214599609375, -244.0, -97.0, 101.0],2,0.17908897
222,19.47808265686035,[122.156982421875, -81.4801025390625, -58.612060546875, 15.869140625, 11.3525390625, 16.78466796875, 9.388476562500001, 1.427431640625, -1.1543994140625, -243.0, -94.0, 99.0],2,0.18116763
223,17.572879791259766,[122.1734619140625, -81.62841796875, -58.348388671875, 23.37646484375, 8.9111328125, 13.7939453125, 9.36931640625, 1.149609375, -1.120869140625, -245.0, -92.0, 98.0],3,0.94393927
224,17.170429229736328,[122.3822021484375, -81.7547607421875, -58.2000732421875, 30.3955078125, 6.2255859375, 11.71875, 9.6710888671875, 0.9436376953125001, -1.0202783203125, -244.0, -89.0, 96.0],3,0.94406044
225,17.211437225341797,[122.7227783203125, -81.84814453125, -58.1396484375, 31.67724609375, 6.103515625, 10.6201171875, 9.972861328125001, 0.814306640625, -1.2549902343750001, -245.0, -86.0, 94.0],3,0.9441738
226,17.30489730834961,[123.046875, -81.9415283203125, -58.0572509765625, 31.67724609375, 6.103515625, 10.6201171875, 10.188413085937501, 0.9580078125, -1.3555810546875, -245.0, -83.0, 92.0],3,0.9442242
227,17.288923263549805,[123.343505859375, -82.0513916015625, -57.94189453125, 31.92138671875, 7.99560546875, 11.5966796875, 10.4758154296875, 1.159189453125, -1.312470703125, -246.0, -80.0, 91.0],3,0.94429165
228,17.38882064819336,[123.5797119140625, -82.1722412109375, -57.7880859375, 28.6865234375, 10.25390625, 11.1083984375, 10.7153173828125, 1.2597802734375, -1.36037109375, -247.0, -77.0, 89.0],3,0.94435656
229,17.50969886779785,[117.1856689453125, 123.6785888671875, -82.298583984375, 25.634765625, 11.962890625, 11.53564453125, 10.74884765625, 1.1543994140625, -1.312470703125, -247.0, -75.0, 86.0],3,0.9446296
230,18.990755081176758,[123.651123046875, -82.44140625, -57.183837890625, 21.54541015625, 14.6484375, 11.53564453125, 10.739267578125, 0.9915380859375, -1.0490185546875002, -248.0, -73.0, 85.0],3,0.9447094
231,18.117904663085938,[123.409423828125, -82.59521484375, -56.656494140625, 17.822265625, 15.9912109375, 11.04736328125, 10.509345703125, 0.9196875, -1.1448193359375, -248.0, -70.0, 84.0],3,0.9447384
232,19.26565170288086,[123.11279296875, -82.7490234375, -56.09619140625, 17.822265625, 15.9912109375, 11.04736328125, 10.030341796875, 0.9005273437500001, -1.9303857421875001, -248.0, -68.0, 82.0],3,0.94474155
233,17.949819564819336,[123.0963134765625, -82.891845703125, -55.7501220703125, 26.67236328125, 13.48876953125, 12.51220703125, 9.7668896484375, 0.7855664062500001, -1.791474609375, -249.0, -65.0, 80.0],3,0.94457847
234,17.95029640197754,[123.02490234375, -83.056640625, -55.360107421875, 23.92578125, 16.357421875, 14.09912109375, 9.297465820312501, 0.7280859375000001, -1.619033203125, -250.0, -62.0, 77.0],3,0.9433087
235,17.606735229492188,[122.8326416015625, -83.243408203125, -54.8822021484375, 18.798828125, 16.29638671875, 14.16015625, 9.129814453125, 0.9005273437500001, -1.2310400390625, -251.0, -59.0, 75.0],3,0.9436201
236,17.32492446899414,[122.62939453125, -83.419189453125, -54.4427490234375, 16.54052734375, 14.70947265625, 12.75634765625, 9.1537646484375, 1.350791015625, -1.2166699218750001, -251.0, -56.0, 71.0],3,0.94342864
237,17.482280731201172,[122.3876953125, -83.5784912109375, -53.9813232421875, 14.34326171875, 14.892578125, 11.77978515625, 9.187294921875, 1.9255957031250002, -1.120869140625, -252.0, -54.0, 69.0],3,0.94337505
238,17.49587059020996,[122.080078125, -83.726806640625, -53.4375, 11.90185546875, 13.73291015625, 11.04736328125, 9.4220068359375, 2.3135888671875002, -1.2118798828125001, -254.0, -51.0, 67.0],3,0.94331306
239,17.469406127929688,[121.7340087890625, -83.858642578125, -52.855224609375, 3.47900390625, 11.90185546875, 10.80322265625, 9.6327685546875, 2.1603076171875, -1.3172607421875, -254.0, -47.0, 64.0],3,0.9433066
240,17.423629760742188,[121.409912109375, -83.9739990234375, -52.3388671875, 3.47900390625, 11.90185546875, 10.80322265625, 9.81, 1.619033203125, -1.4178515625, -256.0, -44.0, 61.0],3,0.94334334
241,18.089771270751953,[120.9649658203125, -84.100341796875, -51.734619140625, -10.8642578125, 13.3056640625, 12.02392578125, 9.7716796875, 1.2406201171875, -1.3268408203125002, -258.0, -41.0, 58.0],3,0.9433706
242,18.013954162597656,[120.2838134765625, -84.2376708984375, -50.9051513671875, -11.23046875, 14.16015625, 12.5732421875, 9.560917968750001, 1.2981005859375, -1.235830078125, -260.0, -38.0, 54.0],3,0.943366
243,19.659757614135742,[119.55322265625, -84.3804931640625, -49.94384765625, -10.986328125, 13.18359375, 13.24462890625, 9.48427734375, 1.2789404296875, -1.1064990234375, -261.0, -33.0, 51.0],3,0.9433259
244,18.65839958190918,[118.8336181640625, -84.52880859375, -48.9276123046875, -8.85009765625, 13.0615234375, 13.671875, 9.4315869140625, 1.22625, -1.2981005859375, -15388.0, -8907.0, 14404.0],3,0.943774
245,18.22066307067871,[118.10302734375, -84.6771240234375, -47.801513671875, -8.7890625, 12.5732421875, 14.0380859375, 9.36931640625, 1.1927197265625, -1.235830078125, -263.0, -25.0, 46.0],3,0.9435133
246,17.304182052612305,[117.3614501953125, -84.825439453125, -46.614990234375, -9.27734375, 12.451171875, 13.7939453125, 9.268725585937501, 1.1448193359375, -1.0681787109375, -265.0, -21.0, 43.0],3,0.9432922
247,17.152786254882812,[116.5045166015625, -84.96826171875, -45.2801513671875, -9.27734375, 12.451171875, 13.7939453125, 9.091494140625, 1.2070898437500002, -0.833466796875, -267.0, -18.0, 39.0],2,0.19070347
248,17.153501510620117,[115.6695556640625, -85.0836181640625, -43.9398193359375, -9.27734375, 12.451171875, 13.7939453125, 9.081914062500001, 1.2310400390625, -0.833466796875, -268.0, -14.0, 35.0],2,0.19514981
249,17.23003387451172,[114.993896484375, -85.177001953125, -42.7587890625, -14.70947265625, 7.32421875, 10.07080078125, 9.081914062500001, -37.285664062500004, -0.833466796875, -270.0, -10.0, 31.0],3,0.94266516
250,17.182111740112305,[114.268798828125, -85.2703857421875, -41.561279296875, -19.8974609375, 7.38525390625, 10.43701171875, 9.081914062500001, -36.241435546875, -0.833466796875, -272.0, -4.0, 28.0],3,0.94134057
251,16.96324348449707,[113.4942626953125, -85.3692626953125, -40.3582763671875, -21.97265625, 5.79833984375, 10.7421875, 9.6040283203125, 1.1543994140625, -0.6035449218750001, -275.0, 0.0, 26.0],2,0.8955332
252,16.96300506591797,[112.8955078125, -85.4681396484375, -39.35302734375, -25.57373046875, 4.57763671875, 11.8408203125, 10.106982421875001, 0.9148974609375, -0.536484375, -276.0, 4.0, 23.0],2,0.83503366
253,21.18539810180664,[112.4395751953125, -85.572509765625, -38.529052734375, -30.45654296875, 5.06591796875, 13.36669921875, 10.7536376953125, 0.4981640625, -0.3784130859375, -279.0, 9.0, 20.0],2,0.5619067
254,18.57757568359375,[111.873779296875, -85.693359375, -37.63916015625, -35.70556640625, 6.7138671875, 13.73291015625, 11.357182617187501, 0.0335302734375, -0.3448828125, -281.0, 13.0, 16.0],2,0.2795887
255,18.069982528686523,[111.0772705078125, -85.8306884765625, -36.5625, -37.2314453125, 9.765625, 14.58740234375, 11.793076171875, -0.6562353515625, -0.1772314453125, -284.0, 18.0, 12.0],2,0.16271079
256,19.153594970703125,[109.9676513671875, -85.9844970703125, -35.1727294921875, -33.75244140625, 11.8408203125, 15.44189453125, 11.850556640625001, -1.1160791015625, 0.124541015625, -287.0, 24.0, 8.0],1,0.37641034
257,18.23139190673828,[108.74267578125, -86.15478515625, -33.6236572265625, -32.28759765625, 12.8173828125, 17.333984375, 12.0469482421875, -1.5280224609375002, 0.25387207031250003, -17331.0, 6082.0, 17640.0],1,0.36091393
258,17.441511154174805,[107.3968505859375, -86.3525390625, -31.9427490234375, -27.64892578125, 15.80810546875, 18.98193359375, 12.425361328125001, -2.136357421875, 0.3688330078125, -292.0, 35.0, 3.0],1,0.34038636
259,17.04573631286621,[105.6060791015625, -86.572265625, -29.7564697265625, -19.1650390625, 20.6298828125, 17.822265625, 12.751083984375, -2.442919921875, 0.7280859375000001, -295.0, 41.0, 0.0],1,0.3222533
260,17.043352127075195,[102.81005859375, -86.781005859375, -26.47705078125, -8.4228515625, 27.03857421875, 13.73291015625, 12.9857958984375, -2.4237597656250003, 1.082548828125, -298.0, 46.0, -2.0],1,0.31080097
261,17.22860336303711,[98.54736328125, -86.956787109375, -21.6156005859375, 7.75146484375, 32.1044921875, 6.89697265625, 12.9857958984375, 13.076806640625001, -2.2082080078125, -301.0, 51.0, -5.0],1,0.29003885
262,16.99376106262207,[93.1036376953125, -87.044677734375, -15.3973388671875, 32.470703125, 34.0576171875, -2.01416015625, 13.0145361328125, -1.561552734375, 1.5950830078125, -303.0, 56.0, -7.0],1,0.27559507
263,16.935110092163086,[87.4786376953125, -87.0172119140625, -8.7396240234375, 61.03515625, 34.3017578125, -12.3291015625, 12.406201171875, -0.699345703125, 1.389111328125, -307.0, 60.0, -10.0],1,0.27757978
264,18.6765193939209,[82.694091796875, -86.85791015625, -2.647705078125, 87.890625, 29.4189453125, -24.2919921875, 11.275751953125, 0.47900390625, 0.9675878906250001, -310.0, 64.0, -13.0],1,0.26962295
265,17.537593841552734,[80.0958251953125, -86.5777587890625, 1.494140625, 102.11181640625, 18.798828125, -33.75244140625, 10.2842138671875, 1.1112890625, -0.09101074218750001, -313.0, 67.0, -16.0],1,0.26720053
266,18.802404403686523,[79.8980712890625, -86.220703125, 3.350830078125, 104.4921875, 11.16943359375, -39.0625, 9.4794873046875, 1.0921289062500001, -1.149609375, -317.0, 68.0, -20.0],1,0.27385646
267,18.057584762573242,[80.9033203125, -85.8306884765625, 4.0045166015625, 99.91455078125, 4.5166015625, -41.68701171875, 8.8280419921875, 0.996328125, -1.78189453125, -319.0, 69.0, -24.0],1,0.29074928
268,18.10455322265625,[82.6336669921875, -85.4132080078125, 3.900146484375, 89.7216796875, -1.3427734375, -43.45703125, 8.420888671875, 1.2310400390625, -2.0166064453125, -322.0, 68.0, -28.0],1,0.32215962
269,17.590999603271484,[84.781494140625, -84.990234375, 3.262939453125, 89.7216796875, -1.3427734375, -43.45703125, 8.420888671875, -1.561552734375, 0.32572265625, -326.0, 68.0, -31.0],1,0.4088279
270,17.1053409576416,[87.0281982421875, -84.5452880859375, 2.4005126953125, 63.8427734375, -9.21630859375, -44.37255859375, 8.923842773437501, 2.059716796875, -2.117197265625, -330.0, 66.0, -34.0],1,0.46475285
271,17.14611053466797,[89.0277099609375, -84.0948486328125, 1.658935546875, 52.24609375, -9.58251953125, -43.76220703125, 9.148974609375001, 2.4668701171875003, -1.9112255859375, -335.0, 64.0, -36.0],1,0.44954446
272,17.211198806762695,[90.6591796875, -83.6444091796875, 1.175537109375, 39.794921875, -10.19287109375, -42.236328125, 9.4315869140625, 2.6105712890625, -1.7244140625000002, -338.0, 62.0, -38.0],1,0.43619394
273,17.174959182739258,[92.021484375, -83.2049560546875, 0.8349609375, 29.96826171875, -9.6435546875, -39.9169921875, 9.6710888671875, 2.5051904296875, -1.5663427734375002, -342.0, 60.0, -40.0],1,0.42675185
274,16.989946365356445,[93.05419921875, -82.781982421875, 0.736083984375, 22.03369140625, -8.85009765625, -37.4755859375, 9.814790039062501, 2.1124072265625, -1.37953125, -346.0, 58.0, -42.0],1,0.42334372
275,17.0438289642334,[93.856201171875, -82.386474609375, 0.791015625, 17.15087890625, -7.568359375, -35.09521484375, 9.896220703125001, 1.62861328125, -1.1687695312500002, -351.0, 55.0, -44.0],1,0.42941728
276,19.865036010742188,[94.50439453125, -82.0074462890625, 0.955810546875, 13.97705078125, -7.2021484375, -33.26416015625, 9.9584912109375, 1.140029296875, -0.9675878906250001, -357.0, 53.0, -44.0],1,0.44534934
277,18.393278121948242,[95.09765625, -81.650390625, 1.153564453125, 14.5263671875, -8.1787109375, -32.04345703125, 9.992021484375, 0.5891748046875, -0.910107421875, -361.0, 51.0, -46.0],1,0.4523501
278,18.290281295776367,[95.7513427734375, -81.298828125, 1.318359375, 19.04296875, -9.46044921875, -31.43310546875, 9.881850585937501, -0.0335302734375, -0.7472460937500001, -366.0, 50.0, -48.0],1,0.4696069
279,19.115209579467773,[96.5533447265625, -80.958251953125, 1.3677978515625, 23.13232421875, -12.0849609375, -30.6396484375, 9.742939453125, -0.5604345703125, -0.6370751953125, -372.0, 48.0, -49.0],1,0.4930429
280,18.276214599609375,[97.55859375, -80.61767578125, 1.2744140625, 33.3251953125, -14.95361328125, -29.9072265625, 9.474697265625, -0.8095166015625, -0.5748046875, -377.0, 46.0, -50.0],1,0.5084675
281,17.2579288482666,[98.8055419921875, -80.2825927734375, 1.0491943359375, 44.61669921875, -17.63916015625, -28.50341796875, 9.10107421875, -0.8095166015625, -0.488583984375, -383.0, 44.0, -50.0],1,0.5172121
282,17.116069793701172,[100.3106689453125, -79.9639892578125, 0.6756591796875, 56.884765625, -22.0947265625, -26.4892578125, 8.856782226562501, -0.5029541015625, -0.4550537109375, -387.0, 42.0, -51.0],1,0.52903414
283,17.00878143310547,[102.1453857421875, -79.65087890625, 0.087890625, 65.673828125, -26.0009765625, -24.658203125, 8.899892578125, -0.05748046875, -0.4742138671875, -394.0, 41.0, -52.0],1,0.53512216
284,17.1358585357666,[104.1943359375, -79.34326171875, -0.6207275390625, 72.1435546875, -28.076171875, -22.3388671875, 9.129814453125, 0.1484912109375, -0.49337402343750003, -399.0, 39.0, -52.0],1,0.53496325
285,17.008066177368164,[106.32568359375, -79.046630859375, -1.373291015625, 73.54736328125, -28.50341796875, -19.47021484375, 9.350156250000001, 0.24908203125, -0.4646337890625, -405.0, 37.0, -51.0],1,0.5305234
286,17.01807975769043,[108.4295654296875, -78.7774658203125, -2.08740234375, 74.70703125, -28.01513671875, -16.41845703125, 9.704619140625, 0.488583984375, -0.47900390625, -411.0, 35.0, -50.0],1,0.52399087
287,16.986370086669922,[110.467529296875, -78.5357666015625, -2.7301025390625, 73.42529296875, -25.57373046875, -12.8173828125, 9.98244140625, 0.795146484375, -0.4263134765625, -416.0, 34.0, -49.0],1,0.51650465
288,19.182920455932617,[112.3626708984375, -78.3270263671875, -3.251953125, 69.7021484375, -22.64404296875, -9.46044921875, 10.2458935546875, 1.1112890625, -0.316142578125, -421.0, 33.0, -47.0],1,0.51613665
289,18.73922348022461,[114.093017578125, -78.1622314453125, -3.6639404296875, 63.5986328125, -20.1416015625, -6.2255859375, 10.2458935546875, -3.1949560546875, -0.316142578125, -426.0, 32.0, -45.0],1,0.5282786
290,17.95363426208496,[115.6640625, -78.0413818359375, -3.9715576171875, 63.5986328125, -44.12841796875, -6.2255859375, 39.230419921875004, -3.1949560546875, -0.316142578125, -431.0, 31.0, -45.0],1,0.58663225
291,19.445419311523438,[117.0758056640625, -77.9534912109375, -4.185791015625, 52.79541015625, -14.46533203125, -1.03759765625, 9.762099609375001, 1.5184423828125, 0.0383203125, -436.0, 30.0, -44.0],1,0.5370394
292,18.049001693725586,[118.355712890625, -77.8985595703125, -4.32861328125, 49.25537109375, -13.0615234375, 1.15966796875, 9.608818359375, 1.2981005859375, 0.0, -14181.0, -788.0, 14404.0],1,0.53952754
293,17.471790313720703,[119.564208984375, -77.87109375, -4.4439697265625, 47.91259765625, -11.1083984375, 3.41796875, 9.6519287109375, 1.1639794921875, -0.124541015625, -445.0, 30.0, -42.0],1,0.52386826
294,17.215490341186523,[120.728759765625, -77.87109375, -4.5263671875, 47.607421875, -9.521484375, 5.0048828125, 9.7668896484375, 0.9675878906250001, -0.18681152343750002, -448.0, 31.0, -40.0],1,0.51160985
295,17.01045036315918,[121.8548583984375, -77.89306640625, -4.5867919921875, 48.095703125, -7.62939453125, 6.103515625, 9.8243701171875, 0.8622070312500001, -0.3065625, -453.0, 31.0, -39.0],1,0.50824845
296,17.467260360717773,[122.9425048828125, -77.9315185546875, -4.5977783203125, 50.537109375, -6.89697265625, 6.40869140625, 9.886640625, 0.9723779296875, -0.41194335937500004, -457.0, 32.0, -37.0],1,0.5038135
297,17.265796661376953,[124.0301513671875, -77.9754638671875, -4.59228515625, 50.537109375, 54.38232421875, -6.16455078125, 10.1165625, 1.2070898437500002, -0.4646337890625, -460.0, 33.0, -35.0],1,0.49770692
298,17.566442489624023,[125.1123046875, -78.0194091796875, -4.5538330078125, 56.640625, -4.7607421875, 5.9814453125, 10.499765625, 1.3843212890625, -0.5125341796875, -464.0, 34.0, -35.0],1,0.48889384
299,17.41194725036621,[126.1285400390625, -78.06884765625, -4.4329833984375, 56.70166015625, -1.953125, 5.31005859375, 10.86380859375, 1.6429833984375002, -0.5316943359375, -467.0, 36.0, -35.0],1,0.48061588
300,17.7614688873291,[126.9964599609375, -78.1292724609375, -4.1802978515625, 53.89404296875, 0.8544921875, 4.21142578125, 11.0889404296875, 2.0980371093750003, -0.4454736328125, -470.0, 37.0, -34.0],1,0.47224936
301,18.28169822692871,[127.68310546875, -78.20068359375, -3.7847900390625, 49.4384765625, 2.3193359375, 2.8076171875, 11.18953125, 2.4477099609375, -0.4550537109375, -473.0, 39.0, -33.0],1,0.46455514
302,18.1121826171875,[128.199462890625, -78.2666015625, -3.27392578125, 44.98291015625, 4.150390625, 1.28173828125, 11.1272607421875, 2.54830078125, -0.488583984375, -476.0, 40.0, -33.0],1,0.45833728
303,19.13142204284668,[128.507080078125, -78.33251953125, -2.6092529296875, 38.51318359375, 6.89697265625, -0.48828125, 10.86380859375, 2.5051904296875, -0.43110351562500004, -478.0, 41.0, -34.0],1,0.45415598
304,17.908811569213867,[128.594970703125, -78.3984375, -1.7962646484375, 33.50830078125, 8.6669921875, -1.708984375, 10.490185546875, 2.366279296875, -0.3688330078125, -480.0, 43.0, -33.0],1,0.45230198
305,17.267704010009766,[128.5235595703125, -78.4698486328125, -0.8734130859375, 30.33447265625, 9.82666015625, -3.23486328125, 10.145302734375, 2.174677734375, -0.3592529296875, -482.0, 44.0, -33.0],1,0.45303822
306,17.080307006835938,[128.3038330078125, -78.5302734375, 0.15380859375, 28.25927734375, 10.6201171875, -5.18798828125, 9.800419921875001, 2.1028271484375, -0.3592529296875, -484.0, 46.0, -33.0],1,0.45659396
307,16.99519157409668,[127.979736328125, -78.5797119140625, 1.2744140625, 28.076171875, 9.94873046875, -6.9580078125, 9.570498046875, 2.0357666015625, -0.3975732421875, -486.0, 47.0, -33.0],1,0.46313745
308,16.932249069213867,[127.628173828125, -78.6126708984375, 2.4169921875, 28.74755859375, 8.23974609375, -8.7890625, 9.469907226562501, 1.9543359375, -0.4550537109375, -488.0, 48.0, -34.0],1,0.47722217
309,16.994953155517578,[127.28759765625, -78.6126708984375, 3.5540771484375, 28.9306640625, 6.9580078125, -10.68115234375, 9.3453662109375, 1.8824853515625002, -0.4454736328125, -490.0, 48.0, -34.0],1,0.50219655
310,17.126083374023438,[126.947021484375, -78.5906982421875, 4.6856689453125, 28.38134765625, 4.8828125, -12.5732421875, 9.196875, 1.9782861328125, -0.39278320312500004, -492.0, 49.0, -34.0],1,0.48636946
311,19.05202865600586,[126.617431640625, -78.5357666015625, 5.789794921875, 27.16064453125, 2.8076171875, -13.73291015625, 9.072333984375, 2.08845703125, -0.3784130859375, -493.0, 49.0, -35.0],1,0.49350536
312,18.242359161376953,[126.3372802734375, -78.46435546875, 6.8389892578125, 26.3671875, 0.67138671875, -14.58740234375, 8.9525830078125, 2.1507275390625002, -0.4263134765625, -494.0, 49.0, -36.0],1,0.48716903
313,18.003463745117188,[126.10107421875, -78.3709716796875, 7.822265625, 24.96337890625, -0.8544921875, -15.44189453125, 8.8280419921875, 2.2561083984375, -0.4263134765625, -495.0, 49.0, -36.0],1,0.48609224
314,18.032550811767578,[125.892333984375, -78.2611083984375, 8.7615966796875, 23.92578125, -3.23486328125, -16.29638671875, 8.746611328125, 2.327958984375, -0.47900390625, -497.0, 49.0, -35.0],3,0.94370407
315,19.16670799255371,[125.738525390625, -78.1292724609375, 9.6240234375, 22.64404296875, -5.43212890625, -17.02880859375, 8.7418212890625, 2.3806494140625003, -0.5843847656250001, -499.0, 49.0, -34.0],2,0.15950301
316,17.861127853393555,[125.6231689453125, -77.98095703125, 10.4315185546875, 20.8740234375, -6.89697265625, -16.9677734375, 8.784931640625, 2.308798828125, -0.718505859375, -501.0, 49.0, -36.0],1,0.48396438
