11,24.095773696899414,1,0.23666608,[-0.59326171875, -2.3291015625, -56.09619140625, 0.0, 0.0, 0.0, 0.3879931640625, -0.076640625, 9.3118359375, 196.0, -50.0, -406.0]
12,21.532297134399414,1,0.23669493,[-0.59326171875, -2.3291015625, -56.0906982421875, 0.0, 0.0, 0.0, 0.3879931640625, -0.0718505859375, 9.302255859375, 196.0, -52.0, -405.0]
13,20.81131935119629,1,0.23671177,[-0.59326171875, -2.3291015625, -56.0906982421875, 0.0, 0.0, 0.0, 0.3784130859375, -0.09101074218750001, 9.2878857421875, 196.0, -51.0, -407.0]
14,20.611047744750977,1,0.2367183,[-0.59326171875, -2.3291015625, -56.085205078125, 0.0, 0.0, 0.0, 0.3879931640625, -0.086220703125, 9.3070458984375, 196.0, -50.0, -406.0]
15,20.66183090209961,1,0.23672509,[-0.59326171875, -2.3291015625, -56.085205078125, 0.0, 0.0, 0.0, 0.37362304687500003, -0.09101074218750001, 9.29267578125, 196.0, -51.0, -406.0]
16,23.386478424072266,1,0.23671305,[-0.59326171875, -2.3291015625, -56.085205078125, 0.0, 0.0, 0.0, 0.3688330078125, -0.10538085937500001, 9.2783056640625, 196.0, -51.0, -407.0]
17,22.599220275878906,1,0.23671138,[-0.59326171875, -2.3291015625, -56.0797119140625, 0.0, 0.0, 0.0, 0.3784130859375, -0.10538085937500001, 9.302255859375, 196.0, -51.0, -405.0]
18,20.68042755126953,1,0.23669595,[-0.59326171875, -2.3291015625, -56.0797119140625, 0.0, 0.0, 0.0, 0.3688330078125, -0.10538085937500001, 9.3166259765625, 196.0, -51.0, -407.0]
19,20.621061325073242,1,0.2366477,[-0.59326171875, -2.3291015625, -56.0797119140625, 0.0, 0.0, 0.0, 0.3688330078125, -0.10059082031250001, 9.263935546875, 195.0, -50.0, -406.0]
20,20.5078125,1,0.23659712,[-0.59326171875, -2.3291015625, -56.0797119140625, 0.0, 0.0, 0.0, 0.36404296875000003, -0.1149609375, 9.302255859375, 196.0, -50.0, -407.0]
21,30.21550178527832,1,0.2365528,[-0.59326171875, -2.3291015625, -56.0797119140625, 0.0, 0.0, 0.0, 0.36404296875000003, -0.1149609375, 9.2878857421875, 196.0, -50.0, -409.0]
22,34.043312072753906,1,0.23659196,[-0.59326171875, -2.3291015625, -56.07421875, 0.0, 0.0, 0.0, 0.38320312500000003, -0.0814306640625, 9.29267578125, 195.0, -50.0, -408.0]
23,23.19931983947754,1,0.23658481,[-0.59326171875, -2.3291015625, -56.07421875, 0.0, 0.0, 0.0, 0.37362304687500003, -0.086220703125, 9.2878857421875, 196.0, -50.0, -409.0]
24,21.100282669067383,1,0.23654771,[-0.59326171875, -2.3291015625, -56.07421875, 0.0, 0.0, 0.0, 0.38320312500000003, -0.09580078125000001, 9.29267578125, 195.0, -49.0, -409.0]
25,20.57933807373047,1,0.23653454,[-0.59326171875, -2.3291015625, -56.07421875, 0.0, 0.0, 0.0, 0.38320312500000003, -0.09101074218750001, 9.273515625, 196.0, -49.0, -409.0]
26,20.62368392944336,1,0.2365317,[-0.59326171875, -2.3291015625, -56.0797119140625, 0.0, 0.0, 0.0, 0.3975732421875, -0.10059082031250001, 9.2878857421875, 196.0, -49.0, -409.0]
27,20.471572875976562,1,0.23654559,[-0.59326171875, -2.3291015625, -56.07421875, 0.0, 0.0, 0.0, 0.39278320312500004, -0.09580078125000001, 9.2783056640625, 195.0, -50.0, -408.0]
28,20.376920700073242,1,0.23658448,[-0.59326171875, -2.3291015625, -56.07421875, 0.0, 0.0, 0.0, 0.3879931640625, -0.067060546875, 9.2878857421875, 195.0, -49.0, -409.0]
29,20.416975021362305,1,0.2365475,[-0.59326171875, -2.3291015625, -56.07421875, 0.0, 0.0, 0.0, 0.37362304687500003, -0.09580078125000001, 9.3166259765625, 196.0, -50.0, -409.0]
30,20.383119583129883,1,0.23656216,[-0.59326171875, -2.3291015625, -56.07421875, 0.0, 0.0, 0.0, 0.3879931640625, -0.067060546875, 9.29267578125, 196.0, -50.0, -409.0]
31,47.944068908691406,1,0.23659334,[-0.59326171875, -2.3291015625, -56.0797119140625, 0.0, 0.0, 0.0, 0.36404296875000003, -0.09580078125000001, 9.3070458984375, 196.0, -49.0, -408.0]
32,32.5922966003418,1,0.23661065,[-0.59326171875, -2.3291015625, -56.0797119140625, 0.0, 0.0, 0.0, 0.3879931640625, -0.10538085937500001, 9.321416015625001, 196.0, -50.0, -407.0]
33,32.301902770996094,1,0.23664829,[-0.59326171875, -2.3291015625, -56.07421875, 0.0, 0.0, 0.0, 0.37362304687500003, -0.1197509765625, 9.29267578125, 196.0, -50.0, -409.0]
34,34.169912338256836,1,0.23664019,[-0.59326171875, -2.3291015625, -56.07421875, 0.0, 0.0, 0.0, 0.39278320312500004, -0.11017089843750001, 9.3118359375, 196.0, -49.0, -409.0]
35,32.20510482788086,1,0.23661616,[-0.59326171875, -2.3291015625, -56.07421875, 0.0, 0.0, 0.0, 0.38320312500000003, -0.086220703125, 9.321416015625001, 196.0, -50.0, -409.0]
36,26.486635208129883,1,0.23656574,[-0.59326171875, -2.3291015625, -56.0797119140625, 0.0, 0.0, 0.0, 0.38320312500000003, -0.09580078125000001, 9.273515625, 196.0, -49.0, -409.0]
37,23.697376251220703,1,0.2365444,[-0.59326171875, -2.3291015625, -56.0797119140625, 0.0, 0.0, 0.0, 0.38320312500000003, -0.086220703125, 9.283095703125001, 196.0, -49.0, -408.0]
38,20.867347717285156,1,0.23651618,[-0.59326171875, -2.3291015625, -56.0797119140625, 0.0, 0.0, 0.0, 0.3784130859375, -0.076640625, 9.3118359375, 195.0, -49.0, -409.0]
39,30.996322631835938,1,0.23655125,[-0.59326171875, -2.3291015625, -56.0797119140625, 0.0, 0.0, 0.0, 0.3688330078125, -0.086220703125, 9.297465820312501, 196.0, -49.0, -408.0]
40,35.468101501464844,1,0.23656806,[-0.59326171875, -2.3291015625, -56.0797119140625, 0.0, 0.0, 0.0, 0.3975732421875, -0.09101074218750001, 9.297465820312501, 196.0, -50.0, -409.0]
41,34.531354904174805,1,0.23656937,[-0.59326171875, -2.3291015625, -56.0797119140625, 0.0, 0.0, 0.0, 0.38320312500000003, -0.09101074218750001, 9.3070458984375, 196.0, -50.0, -410.0]
42,31.57973289489746,1,0.23657829,[-0.59326171875, -2.3291015625, -56.0797119140625, 0.0, 0.0, 0.0, 0.3688330078125, -0.10538085937500001, 9.297465820312501, 197.0, -50.0, -409.0]
43,26.537656784057617,1,0.23657921,[-0.59326171875, -2.3291015625, -56.0797119140625, 0.0, 0.0, 0.0, 0.3879931640625, -0.10059082031250001, 9.297465820312501, 197.0, -50.0, -411.0]
44,22.922277450561523,1,0.23658448,[-0.59326171875, -2.3291015625, -56.0797119140625, 0.0, 0.0, 0.0, 0.3879931640625, -0.124541015625, 9.2878857421875, 197.0, -50.0, -409.0]
45,20.693302154541016,1,0.23663804,[-0.59326171875, -2.3291015625, -56.0797119140625, 0.0, 0.0, 0.0, 0.38320312500000003, -0.10538085937500001, 9.302255859375, 198.0, -51.0, -409.0]
46,31.1431884765625,1,0.23662585,[-0.59326171875, -2.3291015625, -56.0797119140625, 0.0, 0.0, 0.0, 0.3879931640625, -0.10538085937500001, 9.29267578125, 197.0, -50.0, -409.0]
47,31.71539306640625,1,0.23659241,[-0.59326171875, -2.3291015625, -56.0797119140625, 0.0, 0.0, 0.0, 0.38320312500000003, -0.10538085937500001, 9.3070458984375, 197.0, -50.0, -408.0]
48,32.37152099609375,1,0.23656166,[-0.59326171875, -2.3291015625, -56.0797119140625, 0.0, 0.0, 0.0, 0.38320312500000003, -0.10059082031250001, 9.29267578125, 196.0, -49.0, -409.0]
49,33.7071418762207,1,0.23650503,[-0.59326171875, -2.3291015625, -56.0797119140625, 0.0, 0.0, 0.0, 0.37362304687500003, -0.1149609375, 9.2783056640625, 196.0, -49.0, -407.0]
50,33.792972564697266,1,0.23648292,[-0.59326171875, -2.3291015625, -56.0797119140625, 0.0, 0.0, 0.0, 0.37362304687500003, -0.10538085937500001, 9.3262060546875, 197.0, -49.0, -407.0]
51,27.532339096069336,1,0.23649973,[-0.59326171875, -2.3291015625, -56.0797119140625, 0.0, 0.0, 0.0, 0.3975732421875, -0.09101074218750001, 9.2878857421875, 197.0, -49.0, -409.0]
52,27.740001678466797,1,0.2365481,[-0.59326171875, -2.3291015625, -56.0797119140625, 0.0, 0.0, 0.0, 0.40236328125000004, -0.0814306640625, 9.29267578125, 196.0, -50.0, -407.0]
53,37.24932670593262,1,0.23656428,[-0.59326171875, -2.3291015625, -56.0797119140625, 0.0, 0.0, 0.0, 0.3784130859375, -0.076640625, 9.2495654296875, 196.0, -50.0, -409.0]
54,34.53683853149414,1,0.23656857,[-0.59326171875, -2.3291015625, -56.0797119140625, 0.0, 0.0, 0.0, 0.41194335937500004, -0.0622705078125, 9.297465820312501, 196.0, -50.0, -408.0]
55,31.695842742919922,1,0.23664266,[-0.59326171875, -2.3291015625, -56.0797119140625, 0.0, 0.0, 0.0, 0.37362304687500003, -0.047900390625000004, 9.29267578125, 197.0, -50.0, -409.0]
56,26.918411254882812,1,0.23666519,[-0.59326171875, -2.3291015625, -56.0797119140625, 0.0, 0.0, 0.0, 0.38320312500000003, -0.0622705078125, 9.3070458984375, 197.0, -50.0, -409.0]
57,22.919178009033203,1,0.2367067,[-0.59326171875, -2.3291015625, -56.0797119140625, 0.0, 0.0, 0.0, 0.40236328125000004, -0.11017089843750001, 9.29267578125, 197.0, -50.0, -407.0]
58,21.153688430786133,1,0.23670882,[-0.59326171875, -2.3291015625, -56.0797119140625, 0.0, 0.0, 0.0, 0.37362304687500003, -0.09101074218750001, 9.268725585937501, 197.0, -50.0, -408.0]
59,20.521163940429688,1,0.23665759,[-0.59326171875, -2.3291015625, -56.0797119140625, 0.0, 0.0, 0.0, 0.3879931640625, -0.10538085937500001, 9.2783056640625, 197.0, -50.0, -407.0]
60,29.62040901184082,1,0.23663065,[-0.59326171875, -2.3291015625, -56.0797119140625, 0.0, 0.0, 0.0, 0.3975732421875, -0.09580078125000001, 9.2783056640625, 197.0, -50.0, -409.0]
61,34.5616340637207,1,0.23659724,[-0.59326171875, -2.3291015625, -56.0797119140625, 0.0, 0.0, 0.0, 0.37362304687500003, -0.10538085937500001, 9.29267578125, 196.0, -49.0, -409.0]
62,32.772064208984375,1,0.23656532,[-0.59326171875, -2.3291015625, -56.0797119140625, 0.0, 0.0, 0.0, 0.3688330078125, -0.11017089843750001, 9.268725585937501, 196.0, -50.0, -408.0]
63,38.74087333679199,1,0.23654503,[-0.59326171875, -2.3291015625, -56.0797119140625, 0.0, 0.0, 0.0, 0.38320312500000003, -0.1197509765625, 9.3070458984375, 197.0, -49.0, -409.0]
64,42.78230667114258,1,0.23658371,[-0.59326171875, -2.3291015625, -56.0797119140625, 0.0, 0.0, 0.0, 0.3879931640625, -0.10059082031250001, 9.3166259765625, 196.0, -50.0, -408.0]
65,26.120424270629883,1,0.2366369,[-0.59326171875, -2.3291015625, -56.0797119140625, 0.0, 0.0, 0.0, 0.3784130859375, -0.10059082031250001, 9.3070458984375, 197.0, -50.0, -408.0]
66,27.510643005371094,1,0.23667333,[-0.59326171875, -2.3291015625, -56.0797119140625, 0.0, 0.0, 0.0, 0.39278320312500004, -0.09101074218750001, 9.3070458984375, 197.0, -50.0, -409.0]
67,32.19938278198242,1,0.23666689,[-0.59326171875, -2.3291015625, -56.07421875, 0.0, 0.0, 0.0, 0.3784130859375, -0.1149609375, 9.29267578125, 197.0, -50.0, -408.0]
68,31.215190887451172,1,0.23664477,[-0.59326171875, -2.3345947265625, -56.07421875, 0.0, 0.0, 0.0, 0.3784130859375, -0.1149609375, 9.2591455078125, 197.0, -50.0, -408.0]
69,32.56869316101074,1,0.2366223,[-0.59326171875, -2.3345947265625, -56.07421875, 0.0, 0.0, 0.0, 0.38320312500000003, -0.09101074218750001, 9.2591455078125, 197.0, -50.0, -407.0]
70,31.578779220581055,1,0.23663077,[-0.59326171875, -2.3345947265625, -56.07421875, 0.0, 0.0, 0.0, 0.4071533203125, -0.0431103515625, 9.29267578125, 198.0, -50.0, -408.0]
71,32.34601020812988,1,0.23665193,[-0.59326171875, -2.3345947265625, -56.07421875, 0.0, 0.0, 0.0, 0.37362304687500003, -0.09580078125000001, 9.297465820312501, 198.0, -50.0, -407.0]
72,26.56698226928711,1,0.23664245,[-0.59326171875, -2.3345947265625, -56.07421875, 0.0, 0.0, 0.0, 0.3400927734375, -0.10059082031250001, 9.29267578125, 197.0, -50.0, -407.0]
73,24.060487747192383,1,0.2365931,[-0.59326171875, -2.3345947265625, -56.07421875, 0.0, 0.0, 0.0, 0.3448828125, -0.10059082031250001, 9.3166259765625, 197.0, -50.0, -408.0]
74,34.39521789550781,1,0.23659953,[-0.59326171875, -2.3345947265625, -56.07421875, 0.0, 0.0, 0.0, 0.3496728515625, -0.1293310546875, 9.268725585937501, 197.0, -50.0, -406.0]
75,32.73606300354004,1,0.23658845,[-0.59326171875, -2.3345947265625, -56.07421875, 0.0, 0.0, 0.0, 0.3688330078125, -0.086220703125, 9.263935546875, 197.0, -50.0, -408.0]
76,31.723737716674805,1,0.23661003,[-0.59326171875, -2.3291015625, -56.07421875, 0.0, 0.0, 0.0, 0.42152343750000004, -0.086220703125, 9.297465820312501, 196.0, -49.0, -408.0]
77,32.549381256103516,1,0.23662847,[-0.59326171875, -2.3291015625, -56.07421875, 0.0, 0.0, 0.0, 0.42152343750000004, -0.05748046875, 9.29267578125, 197.0, -49.0, -408.0]
78,30.954599380493164,1,0.23660791,[-0.59326171875, -2.3291015625, -56.0797119140625, 0.0, 0.0, 0.0, 0.335302734375, -0.0814306640625, 9.297465820312501, 197.0, -48.0, -409.0]
79,24.227142333984375,1,0.23652864,[-0.59326171875, -2.3291015625, -56.0797119140625, 0.0, 0.0, 0.0, 0.3879931640625, -0.09580078125000001, 9.297465820312501, 197.0, -48.0, -408.0]
80,23.06056022644043,1,0.23651665,[-0.59326171875, -2.3291015625, -56.085205078125, 0.0, 0.0, 0.0, 0.3400927734375, -0.10059082031250001, 9.268725585937501, 198.0, -49.0, -410.0]
81,33.614158630371094,1,0.23651576,[-0.59326171875, -2.3291015625, -56.085205078125, 0.0, 0.0, 0.0, 0.3688330078125, -0.1149609375, 9.3070458984375, 197.0, -48.0, -409.0]
82,46.193838119506836,1,0.23655322,[-0.59326171875, -2.3291015625, -56.085205078125, 0.0, 0.0, 0.0, 0.36404296875000003, -0.13412109375, 9.3118359375, 198.0, -49.0, -408.0]
83,42.03486442565918,1,0.2366184,[-0.59326171875, -2.3291015625, -56.0906982421875, 0.0, 0.0, 0.0, 0.37362304687500003, -0.10059082031250001, 9.29267578125, 198.0, -48.0, -410.0]
84,28.95045280456543,1,0.23664576,[-0.59326171875, -2.3291015625, -56.0906982421875, 0.0, 0.0, 0.0, 0.3496728515625, -0.10538085937500001, 9.283095703125001, 198.0, -48.0, -408.0]
85,30.081748962402344,1,0.23665482,[-0.5987548828125, -2.3291015625, -56.0906982421875, 0.0, 0.0, 0.0, 0.39278320312500004, -0.0814306640625, 9.3070458984375, 198.0, -49.0, -409.0]
86,25.696277618408203,1,0.23666793,[-0.5987548828125, -2.3291015625, -56.09619140625, 0.0, 0.0, 0.0, 0.36404296875000003, -0.09101074218750001, 9.2878857421875, 198.0, -50.0, -408.0]
87,32.8524112701416,1,0.23667759,[-0.5987548828125, -2.3291015625, -56.0906982421875, 0.0, 0.0, 0.0, 0.38320312500000003, -0.09580078125000001, 9.321416015625001, 198.0, -50.0, -407.0]
88,33.683061599731445,1,0.23667729,[-0.5987548828125, -2.3291015625, -56.09619140625, 0.0, 0.0, 0.0, 0.40236328125000004, -0.11017089843750001, 9.2878857421875, 198.0, -49.0, -409.0]
89,31.815052032470703,1,0.23667169,[-0.5987548828125, -2.3291015625, -56.09619140625, 0.0, 0.0, 0.0, 0.42152343750000004, -0.0622705078125, 9.2878857421875, 197.0, -49.0, -408.0]
90,30.157804489135742,1,0.23669583,[-0.5987548828125, -2.3291015625, -56.09619140625, 0.0, 0.0, 0.0, 0.42152343750000004, -0.0718505859375, 9.273515625, 198.0, -50.0, -409.0]
91,24.630308151245117,1,0.23670316,[-0.5987548828125, -2.3291015625, -56.09619140625, 0.0, 0.0, 0.0, 0.4071533203125, -0.086220703125, 9.2878857421875, 197.0, -50.0, -408.0]
92,22.035598754882812,1,0.236702,[-0.5987548828125, -2.3291015625, -56.09619140625, 0.0, 0.0, 0.0, 0.4071533203125, -0.052690429687500005, 9.302255859375, 197.0, -49.0, -409.0]
93,20.72429656982422,1,0.23668402,[-0.5987548828125, -2.3291015625, -56.09619140625, 0.0, 0.0, 0.0, 0.40236328125000004, -0.0718505859375, 9.302255859375, 197.0, -49.0, -409.0]
94,27.884721755981445,1,0.23663881,[-0.5987548828125, -2.3291015625, -56.09619140625, 0.0, 0.0, 0.0, 0.40236328125000004, -0.09101074218750001, 9.283095703125001, 197.0, -49.0, -408.0]
95,33.25080871582031,1,0.23664561,[-0.5987548828125, -2.3291015625, -56.1016845703125, 0.0, 0.0, 0.0, 0.36404296875000003, -0.11017089843750001, 9.283095703125001, 198.0, -49.0, -407.0]
96,31.28337860107422,1,0.23667571,[-0.5987548828125, -2.3291015625, -56.1016845703125, 0.0, 0.0, 0.0, 0.39278320312500004, -0.09580078125000001, 9.321416015625001, 197.0, -49.0, -407.0]
97,31.989336013793945,1,0.23671493,[-0.5987548828125, -2.3291015625, -56.1016845703125, 0.0, 0.0, 0.0, 0.3784130859375, -0.10059082031250001, 9.3118359375, 197.0, -49.0, -408.0]
98,31.652450561523438,1,0.2366921,[-0.5987548828125, -2.3291015625, -56.107177734375, 0.0, 0.0, 0.0, 0.37362304687500003, -0.10059082031250001, 9.302255859375, 198.0, -49.0, -408.0]
99,30.956506729125977,1,0.23666802,[-0.59326171875, -2.3291015625, -56.107177734375, 0.0, 0.0, 0.0, 0.3975732421875, -0.086220703125, 9.297465820312501, 197.0, -49.0, -407.0]
100,25.64716339111328,1,0.23668393,[-0.59326171875, -2.3291015625, -56.107177734375, 0.0, 0.0, 0.0, 0.3688330078125, -0.1149609375, 9.297465820312501, 197.0, -50.0, -407.0]
101,23.80514144897461,1,0.23669842,[-0.59326171875, -2.3291015625, -56.107177734375, 0.0, 0.0, 0.0, 0.3688330078125, -0.1293310546875, 9.2783056640625, 197.0, -50.0, -407.0]
102,31.650543212890625,1,0.23671755,[-0.59326171875, -2.3291015625, -56.107177734375, 0.0, 0.0, 0.0, 0.3496728515625, -0.13412109375, 9.2783056640625, 196.0, -50.0, -407.0]
103,37.56880760192871,1,0.23670927,[-0.5987548828125, -2.3291015625, -56.107177734375, 0.0, 0.0, 0.0, 0.3305126953125, -0.10059082031250001, 9.302255859375, 196.0, -49.0, -409.0]
104,44.73996162414551,1,0.23666972,[-0.5987548828125, -2.3291015625, -56.107177734375, 0.0, 0.0, 0.0, 0.3305126953125, -0.13412109375, 9.29267578125, 195.0, -49.0, -409.0]
105,29.765844345092773,1,0.23662156,[-0.5987548828125, -2.3291015625, -56.107177734375, 0.0, 0.0, 0.0, 0.335302734375, -0.10059082031250001, 9.29267578125, 196.0, -49.0, -410.0]
106,28.50484848022461,1,0.23660785,[-0.5987548828125, -2.3291015625, -56.107177734375, 0.0, 0.0, 0.0, 0.3688330078125, -0.086220703125, 9.297465820312501, 196.0, -49.0, -409.0]
107,23.567914962768555,1,0.23660746,[-0.5987548828125, -2.3291015625, -56.107177734375, 0.0, 0.0, 0.0, 0.3975732421875, -0.067060546875, 9.273515625, 197.0, -49.0, -409.0]
108,26.731014251708984,1,0.23659861,[-0.5987548828125, -2.3291015625, -56.107177734375, 0.0, 0.0, 0.0, 0.3975732421875, -0.05748046875, 9.302255859375, 197.0, -49.0, -410.0]
109,32.434701919555664,1,0.23655236,[-0.5987548828125, -2.3291015625, -56.107177734375, 0.0, 0.0, 0.0, 0.4071533203125, -0.067060546875, 9.297465820312501, 196.0, -49.0, -409.0]
110,32.727956771850586,1,0.23653036,[-0.5987548828125, -2.3291015625, -56.107177734375, 0.0, 0.0, 0.0, 0.3879931640625, -0.067060546875, 9.29267578125, 196.0, -49.0, -409.0]
111,33.47373008728027,1,0.23648548,[-0.5987548828125, -2.3291015625, -56.107177734375, 0.0, 0.0, 0.0, 0.37362304687500003, -0.0814306640625, 9.3118359375, 196.0, -48.0, -409.0]
112,31.15701675415039,1,0.23647514,[-0.5987548828125, -2.3291015625, -56.1126708984375, 0.0, 0.0, 0.0, 0.38320312500000003, -0.0814306640625, 9.3166259765625, 196.0, -49.0, -408.0]
113,29.608726501464844,1,0.23648503,[-0.5987548828125, -2.3291015625, -56.1126708984375, 0.0, 0.0, 0.0, 0.4263134765625, -0.086220703125, 9.273515625, 196.0, -48.0, -410.0]
114,23.797988891601562,1,0.2365376,[-0.5987548828125, -2.3291015625, -56.1126708984375, 0.0, 0.0, 0.0, 0.40236328125000004, -0.1149609375, 9.29267578125, 196.0, -49.0, -409.0]
115,21.441936492919922,1,0.2365835,[-0.5987548828125, -2.3291015625, -56.1126708984375, 0.0, 0.0, 0.0, 0.42152343750000004, -0.076640625, 9.283095703125001, 197.0, -50.0, -410.0]
116,32.82928466796875,1,0.23663685,[-0.5987548828125, -2.3291015625, -56.1126708984375, 0.0, 0.0, 0.0, 0.40236328125000004, -0.0814306640625, 9.283095703125001, 196.0, -49.0, -409.0]
117,33.7984561920166,1,0.23661041,[-0.5987548828125, -2.3291015625, -56.1181640625, 0.0, 0.0, 0.0, 0.43110351562500004, -0.11017089843750001, 9.2783056640625, 197.0, -49.0, -410.0]
118,37.72616386413574,1,0.23666209,[-0.5987548828125, -2.3291015625, -56.1181640625, 0.0, 0.0, 0.0, 0.3688330078125, -0.1293310546875, 9.2878857421875, 197.0, -48.0, -409.0]
119,33.113718032836914,1,0.23665372,[-0.5987548828125, -2.3291015625, -56.1181640625, 0.0, 0.0, 0.0, 0.40236328125000004, -0.11017089843750001, 9.2783056640625, 197.0, -49.0, -409.0]
120,25.598526000976562,1,0.23670691,[-0.5987548828125, -2.3291015625, -56.1181640625, 0.0, 0.0, 0.0, 0.3688330078125, -0.11017089843750001, 9.29267578125, 197.0, -49.0, -409.0]
121,22.2928524017334,1,0.23670113,[-0.5987548828125, -2.3291015625, -56.1236572265625, 0.0, 0.0, 0.0, 0.3784130859375, -0.09101074218750001, 9.2591455078125, 197.0, -49.0, -409.0]
122,22.372722625732422,1,0.23673171,[-0.5987548828125, -2.3291015625, -56.1236572265625, 0.0, 0.0, 0.0, 0.3784130859375, -0.0718505859375, 9.283095703125001, 198.0, -49.0, -407.0]
123,32.941341400146484,1,0.23667812,[-0.5987548828125, -2.3345947265625, -56.1236572265625, 0.0, 0.0, 0.0, 0.3784130859375, -0.076640625, 9.297465820312501, 198.0, -48.0, -408.0]
124,34.92569923400879,1,0.2366746,[-0.5987548828125, -2.3345947265625, -56.129150390625, 0.0, 0.0, 0.0, 0.3784130859375, -0.10538085937500001, 9.2878857421875, 197.0, -49.0, -408.0]
125,35.38656234741211,1,0.23670602,[-0.5987548828125, -2.3345947265625, -56.129150390625, 0.0, 0.0, 0.0, 0.3448828125, -0.09101074218750001, 9.302255859375, 198.0, -48.0, -409.0]
126,30.59983253479004,1,0.23668164,[-0.5987548828125, -2.3345947265625, -56.1346435546875, 0.0, 0.0, 0.0, 0.3496728515625, -0.1197509765625, 9.2783056640625, 199.0, -49.0, -408.0]
127,24.69038963317871,1,0.23667434,[-0.5987548828125, -2.3345947265625, -56.1346435546875, 0.0, 0.0, 0.0, 0.3688330078125, -0.09580078125000001, 9.283095703125001, 199.0, -49.0, -408.0]
128,23.506879806518555,1,0.23664507,[-0.5987548828125, -2.3345947265625, -56.14013671875, 0.0, 0.0, 0.0, 0.3496728515625, -0.1197509765625, 9.3070458984375, 198.0, -48.0, -409.0]
129,23.632287979125977,1,0.23663214,[-0.5987548828125, -2.3345947265625, -56.14013671875, 0.0, 0.0, 0.0, 0.3879931640625, -0.10059082031250001, 9.297465820312501, 198.0, -49.0, -408.0]
130,31.65268898010254,1,0.23778072,[-0.5987548828125, -2.3345947265625, -56.14013671875, 0.0, 0.0, 0.0, 99.7334033203125, 0.3879931640625, -0.10538085937500001, 198.0, -48.0, -409.0]
131,31.74138069152832,1,0.2617643,[-0.5987548828125, -2.3291015625, -56.1456298828125, 0.0, 0.0, 0.0, 0.39278320312500004, -0.0814306640625, 9.3118359375, 197.0, -48.0, -409.0]
132,31.949281692504883,1,0.27041027,[-0.5987548828125, -2.3291015625, -56.1456298828125, 0.0, 0.0, 0.0, 0.42152343750000004, -0.086220703125, 9.302255859375, 198.0, -49.0, -408.0]
133,32.58681297302246,1,0.27789122,[-0.5987548828125, -2.3291015625, -56.151123046875, 0.0, 0.0, 0.0, 0.3592529296875, -0.10538085937500001, 9.2783056640625, 198.0, -48.0, -410.0]
134,32.21702575683594,1,0.2790488,[-0.5987548828125, -2.3291015625, -56.151123046875, 0.0, 0.0, 0.0, 0.39278320312500004, -0.11017089843750001, 9.283095703125001, 198.0, -49.0, -409.0]
135,28.390169143676758,1,0.27901426,[-0.5987548828125, -2.3291015625, -56.1566162109375, 0.0, 0.0, 0.0, 0.3975732421875, -0.067060546875, 9.283095703125001, 198.0, -48.0, -411.0]
136,34.08360481262207,1,0.27866152,[-0.5987548828125, -2.3291015625, -56.1566162109375, 0.0, 0.0, 0.0, 0.39278320312500004, -0.076640625, 9.2878857421875, 197.0, -49.0, -411.0]
137,31.920433044433594,1,0.28479564,[-0.5987548828125, -2.3291015625, -56.1566162109375, 0.0, 0.0, 0.0, 0.3879931640625, -0.09580078125000001, 9.302255859375, 197.0, -49.0, -411.0]
138,33.33854675292969,1,0.289402,[-0.5987548828125, -2.3345947265625, -56.1566162109375, 0.0, 0.0, 0.0, 0.40236328125000004, -0.076640625, 9.29267578125, 197.0, -49.0, -411.0]
139,31.665563583374023,1,0.2692623,[-0.5987548828125, -2.3345947265625, -56.1566162109375, 0.0, 0.0, 0.0, 0.3688330078125, -0.124541015625, 9.2878857421875, 197.0, -50.0, -410.0]
140,30.895709991455078,1,0.236651,[-0.5987548828125, -2.3345947265625, -56.1566162109375, 0.0, 0.0, 0.0, 0.3879931640625, -0.09101074218750001, 9.2878857421875, 197.0, -49.0, -411.0]
141,29.065608978271484,1,0.2366285,[-0.5987548828125, -2.3345947265625, -56.1566162109375, 0.0, 0.0, 0.0, 0.3688330078125, -0.0814306640625, 9.297465820312501, 196.0, -49.0, -410.0]
142,27.109384536743164,1,0.23660251,[-0.5987548828125, -2.3345947265625, -56.1566162109375, 0.0, 0.0, 0.0, 0.3784130859375, -0.086220703125, 9.302255859375, 197.0, -50.0, -408.0]
143,26.244640350341797,1,0.23657584,[-0.5987548828125, -2.3345947265625, -56.1566162109375, 0.0, 0.0, 0.0, 0.3784130859375, -0.09580078125000001, 9.2878857421875, 197.0, -50.0, -409.0]
144,41.37086868286133,1,0.23655799,[-0.59326171875, -2.3345947265625, -56.1566162109375, 0.0, 0.0, 0.0, 0.36404296875000003, -0.0814306640625, 9.273515625, 197.0, -50.0, -408.0]
145,36.8342399597168,1,0.23648822,[-0.59326171875, -2.3345947265625, -56.1566162109375, 0.0, 0.0, 0.0, 0.38320312500000003, -0.1149609375, 9.2783056640625, 198.0, -50.0, -410.0]
146,33.111572265625,1,0.2364932,[-0.59326171875, -2.3345947265625, -56.1566162109375, 0.0, 0.0, 0.0, 0.3975732421875, -0.1149609375, 9.283095703125001, 197.0, -49.0, -410.0]
147,30.859708786010742,1,0.23648742,[-0.59326171875, -2.3345947265625, -56.1566162109375, 0.0, 0.0, 0.0, 0.38320312500000003, -0.124541015625, 9.29267578125, 197.0, -50.0, -410.0]
148,26.81756019592285,1,0.23648256,[-0.5987548828125, -2.3345947265625, -56.1566162109375, 0.0, 0.0, 0.0, 0.3784130859375, -0.143701171875, 9.3166259765625, 197.0, -49.0, -410.0]
149,23.22554588317871,1,0.23652682,[-0.5987548828125, -2.3345947265625, -56.1566162109375, 0.0, 0.0, 0.0, 0.3975732421875, -0.1293310546875, 9.3070458984375, 197.0, -50.0, -408.0]
150,32.69076347351074,1,0.23655379,[-0.5987548828125, -2.3345947265625, -56.1566162109375, 0.0, 0.0, 0.0, 0.335302734375, -0.1197509765625, 9.3118359375, 198.0, -50.0, -408.0]
151,34.012794494628906,1,0.23655751,[-0.5987548828125, -2.3345947265625, -56.151123046875, 0.0, 0.0, 0.0, 0.37362304687500003, -0.1197509765625, 9.3070458984375, 197.0, -51.0, -407.0]
152,31.5549373626709,1,0.23658726,[-0.5987548828125, -2.3345947265625, -56.151123046875, 0.0, 0.0, 0.0, 0.3879931640625, -0.09101074218750001, 9.2878857421875, 197.0, -51.0, -407.0]
153,30.399322509765625,1,0.23659706,[-0.5987548828125, -2.3345947265625, -56.1456298828125, 0.0, 0.0, 0.0, 0.39278320312500004, -0.086220703125, 9.2878857421875, 197.0, -50.0, -409.0]
154,30.70855140686035,1,0.2366097,[-0.5987548828125, -2.3345947265625, -56.1456298828125, 0.0, 0.0, 0.0, 0.3784130859375, -0.052690429687500005, 9.2783056640625, 197.0, -51.0, -408.0]
155,25.728464126586914,1,0.23659077,[-0.5987548828125, -2.3345947265625, -56.1456298828125, 0.0, 0.0, 0.0, 0.39278320312500004, -0.0622705078125, 9.2878857421875, 198.0, -50.0, -409.0]
156,23.42057228088379,1,0.23655912,[-0.5987548828125, -2.3345947265625, -56.1456298828125, 0.0, 0.0, 0.0, 0.4263134765625, -0.0431103515625, 9.2783056640625, 196.0, -49.0, -408.0]
157,21.91472053527832,1,0.23654911,[-0.5987548828125, -2.3345947265625, -56.1456298828125, 0.0, 0.0, 0.0, 0.39278320312500004, -0.0431103515625, 9.283095703125001, 197.0, -49.0, -408.0]
158,30.658960342407227,1,0.23648107,[-0.5987548828125, -2.3345947265625, -56.1456298828125, 0.0, 0.0, 0.0, 0.42152343750000004, -0.0622705078125, 9.29267578125, 197.0, -48.0, -410.0]
159,33.7214469909668,1,0.23646602,[-0.5987548828125, -2.3345947265625, -56.151123046875, 0.0, 0.0, 0.0, 0.38320312500000003, -0.09580078125000001, 9.29267578125, 197.0, -49.0, -409.0]
160,35.843849182128906,1,0.23646188,[-0.5987548828125, -2.3345947265625, -56.151123046875, 0.0, 0.0, 0.0, 0.39278320312500004, -0.0718505859375, 9.302255859375, 197.0, -49.0, -410.0]
161,30.580759048461914,1,0.2364861,[-0.5987548828125, -2.3345947265625, -56.151123046875, 0.0, 0.0, 0.0, 0.3879931640625, -0.1149609375, 9.297465820312501, 197.0, -49.0, -409.0]
162,27.900218963623047,1,0.23651603,[-0.5987548828125, -2.3345947265625, -56.1566162109375, 0.0, 0.0, 0.0, 0.38320312500000003, -0.124541015625, 9.3070458984375, 197.0, -49.0, -408.0]
163,23.679018020629883,1,0.23652917,[-0.5987548828125, -2.3345947265625, -56.1566162109375, 0.0, 0.0, 0.0, 0.3496728515625, -0.1389111328125, 9.297465820312501, 197.0, -48.0, -410.0]
164,21.338462829589844,1,0.23659715,[-0.5987548828125, -2.3345947265625, -56.1566162109375, 0.0, 0.0, 0.0, 0.36404296875000003, -0.13412109375, 9.3070458984375, 197.0, -49.0, -409.0]
165,24.721384048461914,1,0.23662525,[-0.5987548828125, -2.3345947265625, -56.1566162109375, 0.0, 0.0, 0.0, 0.3305126953125, -0.124541015625, 9.2591455078125, 198.0, -48.0, -410.0]
166,30.646562576293945,1,0.23658907,[-0.5987548828125, -2.3345947265625, -56.162109375, 0.0, 0.0, 0.0, 0.37362304687500003, -0.13412109375, 9.2878857421875, 197.0, -48.0, -409.0]
167,32.91177749633789,1,0.2365866,[-0.5987548828125, -2.3345947265625, -56.162109375, 0.0, 0.0, 0.0, 0.3879931640625, -0.09580078125000001, 9.302255859375, 198.0, -48.0, -410.0]
168,33.963918685913086,1,0.23657489,[-0.5987548828125, -2.3345947265625, -56.162109375, 0.0, 0.0, 0.0, 0.37362304687500003, -0.076640625, 9.297465820312501, 197.0, -48.0, -410.0]
169,33.96964073181152,1,0.23658916,[-0.5987548828125, -2.3345947265625, -56.162109375, 0.0, 0.0, 0.0, 0.3688330078125, -0.09101074218750001, 9.3070458984375, 197.0, -49.0, -408.0]
170,29.569387435913086,1,0.23660848,[-0.5987548828125, -2.3345947265625, -56.1676025390625, 0.0, 0.0, 0.0, 0.40236328125000004, -0.067060546875, 9.3118359375, 198.0, -49.0, -409.0]
171,29.303789138793945,1,0.23663205,[-0.5987548828125, -2.3345947265625, -56.1676025390625, 0.0, 0.0, 0.0, 0.37362304687500003, -0.09580078125000001, 9.297465820312501, 197.0, -49.0, -408.0]
172,26.13234519958496,1,0.23661369,[-0.5987548828125, -2.3345947265625, -56.1676025390625, 0.0, 0.0, 0.0, 0.43110351562500004, -0.09101074218750001, 9.29267578125, 197.0, -49.0, -408.0]
173,33.29181671142578,1,0.23662665,[-0.5987548828125, -2.3345947265625, -56.1676025390625, 0.0, 0.0, 0.0, 0.3879931640625, -0.09101074218750001, 9.2591455078125, 197.0, -49.0, -409.0]
174,31.78882598876953,1,0.23667166,[-0.5987548828125, -2.3345947265625, -56.1676025390625, 0.0, 0.0, 0.0, 0.40236328125000004, -0.0718505859375, 9.268725585937501, 197.0, -50.0, -407.0]
175,32.22537040710449,1,0.23666972,[-0.5987548828125, -2.3345947265625, -56.1676025390625, 0.0, 0.0, 0.0, 0.4071533203125, -0.09580078125000001, 9.2783056640625, 197.0, -50.0, -409.0]
176,30.85803985595703,1,0.23666772,[-0.5987548828125, -2.3345947265625, -56.162109375, 0.0, 0.0, 0.0, 0.39278320312500004, -0.10538085937500001, 9.297465820312501, 196.0, -50.0, -409.0]
177,29.067277908325195,1,0.23666108,[-0.5987548828125, -2.3345947265625, -56.162109375, 0.0, 0.0, 0.0, 0.3879931640625, -0.086220703125, 9.263935546875, 196.0, -50.0, -409.0]
178,24.50847625732422,1,0.23664555,[-0.5987548828125, -2.3345947265625, -56.1676025390625, 0.0, 0.0, 0.0, 0.3688330078125, -0.10538085937500001, 9.283095703125001, 196.0, -48.0, -410.0]
179,21.930456161499023,1,0.23664963,[-0.5987548828125, -2.3345947265625, -56.1676025390625, 0.0, 0.0, 0.0, 0.3688330078125, -0.0814306640625, 9.302255859375, 196.0, -49.0, -409.0]
180,33.147335052490234,1,0.2366586,[-0.5987548828125, -2.3345947265625, -56.162109375, 0.0, 0.0, 0.0, 0.40236328125000004, -0.067060546875, 9.29267578125, 197.0, -50.0, -410.0]
181,33.507585525512695,1,0.23667893,[-0.5987548828125, -2.3345947265625, -56.1676025390625, 0.0, 0.0, 0.0, 0.39278320312500004, -0.067060546875, 9.297465820312501, 197.0, -49.0, -409.0]
182,31.70037269592285,1,0.23663244,[-0.5987548828125, -2.3345947265625, -56.1676025390625, 0.0, 0.0, 0.0, 0.3879931640625, -0.086220703125, 9.2878857421875, 198.0, -50.0, -408.0]
183,30.317306518554688,1,0.23660943,[-0.5987548828125, -2.3345947265625, -56.1676025390625, 0.0, 0.0, 0.0, 0.36404296875000003, -0.067060546875, 9.3118359375, 198.0, -49.0, -407.0]
184,28.629064559936523,1,0.23656532,[-0.5987548828125, -2.3345947265625, -56.1676025390625, 0.0, 0.0, 0.0, 0.3688330078125, -0.086220703125, 9.297465820312501, 197.0, -50.0, -407.0]
185,29.137134552001953,1,0.23653483,[-0.5987548828125, -2.3345947265625, -56.1676025390625, 0.0, 0.0, 0.0, 0.3688330078125, -0.1197509765625, 9.2878857421875, 197.0, -49.0, -409.0]
186,28.228759765625,1,0.23654863,[-0.5987548828125, -2.3345947265625, -56.1676025390625, 0.0, 0.0, 0.0, 0.3448828125, -0.086220703125, 9.3070458984375, 197.0, -49.0, -409.0]
187,31.27455711364746,1,0.23651779,[-0.5987548828125, -2.3345947265625, -56.1676025390625, 0.0, 0.0, 0.0, 0.36404296875000003, -0.11017089843750001, 9.268725585937501, 197.0, -49.0, -410.0]
188,31.841039657592773,1,0.23649836,[-0.5987548828125, -2.3345947265625, -56.173095703125, 0.0, 0.0, 0.0, 0.3784130859375, -0.076640625, 9.3166259765625, 197.0, -49.0, -409.0]
189,29.579877853393555,1,0.23651686,[-0.5987548828125, -2.3345947265625, -56.1676025390625, 0.0, 0.0, 0.0, 0.354462890625, -0.10538085937500001, 9.2783056640625, 197.0, -51.0, -408.0]
190,29.27422523498535,1,0.2365489,[-0.5987548828125, -2.3345947265625, -56.1676025390625, 0.0, 0.0, 0.0, 0.37362304687500003, -0.10059082031250001, 9.2783056640625, 197.0, -50.0, -409.0]
191,27.399539947509766,1,0.23655835,[-0.5987548828125, -2.3345947265625, -56.1676025390625, 0.0, 0.0, 0.0, 0.40236328125000004, -0.10538085937500001, 9.29267578125, 197.0, -50.0, -407.0]
192,23.62227439880371,1,0.23656926,[-0.5987548828125, -2.3345947265625, -56.1676025390625, 0.0, 0.0, 0.0, 0.38320312500000003, -0.1293310546875, 9.29267578125, 197.0, -50.0, -408.0]
193,21.018028259277344,1,0.23656118,[-0.5987548828125, -2.3345947265625, -56.1676025390625, 0.0, 0.0, 0.0, 0.41194335937500004, -0.086220703125, 9.283095703125001, 197.0, -49.0, -407.0]
194,26.16572380065918,1,0.2365737,[-0.5987548828125, -2.3345947265625, -56.1676025390625, 0.0, 0.0, 0.0, 0.39278320312500004, -0.0718505859375, 9.283095703125001, 197.0, -50.0, -408.0]
195,38.57588768005371,1,0.23655221,[-0.5987548828125, -2.3345947265625, -56.1676025390625, 0.0, 0.0, 0.0, 0.4071533203125, -0.10538085937500001, 9.297465820312501, 197.0, -49.0, -409.0]
196,44.46578025817871,1,0.23658785,[-0.5987548828125, -2.3345947265625, -56.1676025390625, 0.0, 0.0, 0.0, 0.3975732421875, -0.076640625, 9.283095703125001, 197.0, -49.0, -407.0]
197,35.35056114196777,1,0.23655167,[-0.5987548828125, -2.3345947265625, -56.1676025390625, 0.0, 0.0, 0.0, 0.40236328125000004, -0.09580078125000001, 9.273515625, 197.0, -49.0, -408.0]
198,30.270814895629883,1,0.23658979,[-0.5987548828125, -2.3345947265625, -56.1676025390625, 0.0, 0.0, 0.0, 0.3879931640625, -0.09101074218750001, 9.3118359375, 197.0, -49.0, -407.0]
199,26.160478591918945,1,0.23665398,[-0.5987548828125, -2.3345947265625, -56.1676025390625, 0.0, 0.0, 0.0, 0.38320312500000003, -0.1197509765625, 9.297465820312501, 197.0, -49.0, -407.0]
200,23.20265769958496,1,0.23668304,[-0.5987548828125, -2.3345947265625, -56.173095703125, 0.0, 0.0, 0.0, 0.3879931640625, -0.0814306640625, 9.302255859375, 197.0, -48.0, -408.0]
201,29.409170150756836,1,0.23668534,[-0.5987548828125, -2.3345947265625, -56.173095703125, 0.0, 0.0, 0.0, 0.3784130859375, -0.09101074218750001, 9.263935546875, 197.0, -49.0, -407.0]
202,33.52689743041992,1,0.23669869,[-0.5987548828125, -2.3345947265625, -56.173095703125, 0.0, 0.0, 0.0, 0.39278320312500004, -0.086220703125, 9.2878857421875, 197.0, -49.0, -408.0]
203,36.379337310791016,1,0.23667687,[-0.5987548828125, -2.3345947265625, -56.1785888671875, 0.0, 0.0, 0.0, 0.3975732421875, -0.0814306640625, 9.283095703125001, 197.0, -48.0, -408.0]
204,32.317161560058594,1,0.23673373,[-0.5987548828125, -2.3345947265625, -56.1785888671875, 0.0, 0.0, 0.0, 0.3784130859375, -0.076640625, 9.3070458984375, 196.0, -50.0, -407.0]
205,26.102542877197266,1,0.23672393,[-0.5987548828125, -2.3345947265625, -56.1785888671875, 0.0, 0.0, 0.0, 0.38320312500000003, -0.09101074218750001, 9.302255859375, 197.0, -48.0, -409.0]
206,22.478580474853516,1,0.23672125,[-0.5987548828125, -2.3345947265625, -56.1785888671875, 0.0, 0.0, 0.0, 0.3784130859375, -0.076640625, 9.297465820312501, 196.0, -48.0, -408.0]
207,20.711898803710938,1,0.23669267,[-0.59326171875, -2.3345947265625, -56.18408203125, 0.0, 0.0, 0.0, 0.36404296875000003, -0.0814306640625, 9.302255859375, 197.0, -49.0, -408.0]
208,20.24364471435547,1,0.2366888,[-0.59326171875, -2.3345947265625, -56.18408203125, 0.0, 0.0, 0.0, 0.37362304687500003, -0.09580078125000001, 9.3118359375, 197.0, -48.0, -409.0]
209,24.962186813354492,1,0.23668957,[-0.59326171875, -2.3345947265625, -56.18408203125, 0.0, 0.0, 0.0, 0.354462890625, -0.124541015625, 9.2878857421875, 197.0, -49.0, -407.0]
210,32.44757652282715,1,0.23666096,[-0.59326171875, -2.3345947265625, -56.18408203125, 0.0, 0.0, 0.0, 0.38320312500000003, -0.11017089843750001, 9.302255859375, 197.0, -49.0, -408.0]
211,32.89985656738281,1,0.23666286,[-0.59326171875, -2.3345947265625, -56.18408203125, 0.0, 0.0, 0.0, 0.3688330078125, -0.10059082031250001, 9.2878857421875, 196.0, -49.0, -408.0]
212,31.195402145385742,1,0.23664266,[-0.59326171875, -2.3345947265625, -56.18408203125, 0.0, 0.0, 0.0, 0.41194335937500004, -0.0814306640625, 9.263935546875, 198.0, -49.0, -408.0]
213,30.548095703125,1,0.23664054,[-0.59326171875, -2.3345947265625, -56.1895751953125, 0.0, 0.0, 0.0, 0.3879931640625, -0.0622705078125, 9.3166259765625, 197.0, -49.0, -408.0]
