11,31.099319458007812,1,0.2119565,[-0.3900146484375, -2.7520751953125, -49.7515869140625, 0.0, -0.244140625, 0.0, 0.44068359375000005, -0.0718505859375, 9.2783056640625, 229.0, -91.0, -448.0]
12,20.64228057861328,1,0.21188363,[-0.3900146484375, -2.7520751953125, -49.7515869140625, 0.0, 0.1220703125, 0.0, 0.45026367187500005, -0.0383203125, 9.302255859375, 230.0, -91.0, -450.0]
13,20.202159881591797,1,0.21171376,[-0.3900146484375, -2.74658203125, -49.7515869140625, 0.06103515625, 0.18310546875, 0.0, 0.4646337890625, -0.047900390625000004, 9.2783056640625, 229.0, -91.0, -449.0]
14,20.392179489135742,1,0.21164817,[-0.3900146484375, -2.74658203125, -49.7515869140625, -0.06103515625, 0.0, -0.1220703125, 0.4454736328125, -0.05748046875, 9.273515625, 230.0, -91.0, -449.0]
15,20.419836044311523,1,0.21180081,[-0.3900146484375, -2.7520751953125, -49.7515869140625, 0.0, -0.3662109375, -0.06103515625, 0.4550537109375, -0.05748046875, 9.297465820312501, 230.0, -91.0, -449.0]
16,20.2486515045166,1,0.2118774,[-0.3900146484375, -2.7520751953125, -49.7515869140625, 0.0, 0.0, -0.06103515625, 0.4550537109375, -0.0383203125, 9.273515625, 228.0, -92.0, -449.0]
17,20.223379135131836,1,0.21200082,[-0.3900146484375, -2.7520751953125, -49.74609375, 0.0, 0.18310546875, 0.0, 0.4358935546875, -0.0622705078125, 9.283095703125001, 229.0, -92.0, -449.0]
18,20.29585838317871,1,0.21193212,[-0.3900146484375, -2.74658203125, -49.74609375, 0.0, 0.244140625, -0.06103515625, 0.4358935546875, -0.047900390625000004, 9.3070458984375, 228.0, -92.0, -448.0]
19,20.394086837768555,1,0.21187249,[-0.3900146484375, -2.74658203125, -49.74609375, 0.0, 0.06103515625, 0.0, 0.4454736328125, -0.052690429687500005, 9.273515625, 228.0, -92.0, -449.0]
20,20.19023895263672,1,0.2118733,[-0.3900146484375, -2.74658203125, -49.7406005859375, -0.06103515625, 0.0, -0.18310546875, 0.4358935546875, -0.047900390625000004, 9.283095703125001, 228.0, -92.0, -448.0]
21,20.149707794189453,1,0.21165991,[-0.3900146484375, -2.74658203125, -49.7406005859375, -0.06103515625, -0.1220703125, -0.1220703125, 0.469423828125, -0.10059082031250001, 9.2783056640625, 228.0, -92.0, -448.0]
22,31.351804733276367,1,0.21182239,[-0.384521484375, -2.74658203125, -49.7406005859375, 0.06103515625, 0.1220703125, 0.0, 0.4550537109375, -0.05748046875, 9.302255859375, 227.0, -92.0, -448.0]
23,29.904603958129883,1,0.2118155,[-0.3900146484375, -2.74658203125, -49.735107421875, 0.0, -0.18310546875, -0.18310546875, 0.469423828125, -0.028740234375, 9.29267578125, 227.0, -93.0, -447.0]
24,22.489309310913086,1,0.21173373,[-0.3900146484375, -2.7410888671875, -49.735107421875, 0.0, 0.0, -0.06103515625, 0.4550537109375, -0.052690429687500005, 9.3166259765625, 228.0, -93.0, -447.0]
25,20.772457122802734,1,0.2114504,[-0.3900146484375, -2.7410888671875, -49.7296142578125, -0.06103515625, 0.0, -0.06103515625, 0.4550537109375, -0.0718505859375, 9.302255859375, 228.0, -93.0, -447.0]
26,20.31540870666504,1,0.21144053,[-0.3900146484375, -2.7410888671875, -49.7296142578125, 0.0, -0.06103515625, -0.06103515625, 0.45984375, -0.0622705078125, 9.29267578125, 227.0, -93.0, -447.0]
27,20.314455032348633,1,0.21154726,[-0.3900146484375, -2.74658203125, -49.72412109375, 0.0, -0.06103515625, 0.0, 0.45026367187500005, -0.0814306640625, 9.268725585937501, 228.0, -92.0, -447.0]
28,20.318269729614258,1,0.21174198,[-0.3900146484375, -2.74658203125, -49.72412109375, -0.06103515625, -0.1220703125, 0.0, 0.45026367187500005, -0.0622705078125, 9.29267578125, 228.0, -92.0, -447.0]
29,20.885229110717773,1,0.21186012,[-0.3900146484375, -2.74658203125, -49.72412109375, 0.0, 0.0, 0.0, 0.469423828125, -0.076640625, 9.297465820312501, 228.0, -92.0, -448.0]
30,20.881175994873047,1,0.21192133,[-0.3900146484375, -2.74658203125, -49.72412109375, -0.06103515625, 0.18310546875, 0.0, 0.45026367187500005, -0.0622705078125, 9.263935546875, 227.0, -92.0, -449.0]
31,33.44917297363281,1,0.2117602,[-0.3900146484375, -2.74658203125, -49.7186279296875, -0.1220703125, 0.18310546875, -0.1220703125, 0.469423828125, -0.067060546875, 9.273515625, 227.0, -92.0, -449.0]
32,32.32431411743164,1,0.21181566,[-0.3900146484375, -2.74658203125, -49.7186279296875, -0.06103515625, 0.30517578125, -0.06103515625, 0.45026367187500005, -0.052690429687500005, 9.268725585937501, 227.0, -92.0, -448.0]
33,34.08169746398926,1,0.21174705,[-0.3900146484375, -2.7410888671875, -49.7186279296875, 0.06103515625, 0.1220703125, 0.0, 0.4646337890625, -0.076640625, 9.268725585937501, 227.0, -92.0, -447.0]
34,33.01119804382324,1,0.21184513,[-0.3900146484375, -2.7410888671875, -49.713134765625, 0.0, -0.1220703125, -0.06103515625, 0.44068359375000005, -0.0622705078125, 9.3070458984375, 227.0, -92.0, -448.0]
35,32.62925148010254,1,0.21192178,[-0.3900146484375, -2.7410888671875, -49.713134765625, -0.06103515625, 0.1220703125, 0.0, 0.43110351562500004, -0.0383203125, 9.268725585937501, 227.0, -92.0, -447.0]
36,25.265932083129883,1,0.21192819,[-0.3900146484375, -2.7410888671875, -49.7076416015625, 0.0, 0.06103515625, 0.0, 0.4358935546875, -0.09101074218750001, 9.2783056640625, 227.0, -92.0, -447.0]
37,28.0454158782959,1,0.21176451,[-0.3900146484375, -2.7410888671875, -49.7076416015625, -0.1220703125, 0.0, 0.0, 0.4358935546875, -0.0622705078125, 9.273515625, 227.0, -91.0, -448.0]
38,35.736083984375,1,0.21158263,[-0.3900146484375, -2.7410888671875, -49.7076416015625, 0.06103515625, 0.18310546875, -0.06103515625, 0.45026367187500005, -0.052690429687500005, 9.2878857421875, 228.0, -91.0, -448.0]
39,35.33935546875,1,0.21148589,[-0.3900146484375, -2.7410888671875, -49.7076416015625, 0.0, 0.0, -0.1220703125, 0.44068359375000005, -0.052690429687500005, 9.273515625, 228.0, -92.0, -449.0]
40,38.634300231933594,1,0.21161145,[-0.3900146484375, -2.7410888671875, -49.7021484375, 0.0, 0.06103515625, 0.0, 0.469423828125, -0.052690429687500005, 9.29267578125, 227.0, -93.0, -448.0]
41,35.75587272644043,1,0.21173486,[-0.3900146484375, -2.7410888671875, -49.7021484375, 0.0, 0.244140625, 0.06103515625, 0.45984375, -0.05748046875, 9.283095703125001, 227.0, -93.0, -448.0]
42,30.875682830810547,1,0.21187422,[-0.3900146484375, -2.7410888671875, -49.6966552734375, 0.06103515625, -0.18310546875, -0.06103515625, 0.44068359375000005, -0.067060546875, 9.29267578125, 227.0, -92.0, -448.0]
43,30.155420303344727,1,0.21177188,[-0.3900146484375, -2.7410888671875, -49.6966552734375, 0.06103515625, -0.3662109375, 0.18310546875, 0.4358935546875, -0.067060546875, 9.268725585937501, 227.0, -92.0, -447.0]
44,33.15591812133789,1,0.21176434,[-0.3900146484375, -2.74658203125, -49.6966552734375, 0.1220703125, -0.30517578125, -0.06103515625, 0.45984375, -0.052690429687500005, 9.263935546875, 227.0, -91.0, -448.0]
45,32.80949592590332,1,0.21183279,[-0.3900146484375, -2.74658203125, -49.6966552734375, 0.1220703125, -0.06103515625, 0.0, 0.45984375, -0.0814306640625, 9.2783056640625, 227.0, -91.0, -447.0]
46,38.68818283081055,1,0.2118144,[-0.3900146484375, -2.74658203125, -49.691162109375, 0.06103515625, 0.0, -0.1220703125, 0.43110351562500004, -0.05748046875, 9.2783056640625, 227.0, -92.0, -447.0]
47,34.281253814697266,1,0.21172443,[-0.3900146484375, -2.7410888671875, -49.691162109375, 0.0, 0.244140625, 0.0, 0.44068359375000005, -0.0383203125, 9.2878857421875, 227.0, -90.0, -447.0]
48,27.579307556152344,1,0.21476829,[-0.3900146484375, -2.7410888671875, -49.691162109375, -327.57568359375, 1286.43798828125, 0.1220703125, 0.45984375, -0.05748046875, 9.273515625, 228.0, -92.0, -448.0]
49,25.79784393310547,4,0.9286764,[-0.3900146484375, -2.7410888671875, -49.691162109375, 0.0, 0.0, 0.0, 0.45026367187500005, -0.0814306640625, 9.2878857421875, 228.0, -92.0, -449.0]
50,32.32693672180176,4,0.94224906,[-0.3900146484375, -2.735595703125, -49.691162109375, -0.244140625, 0.18310546875, -0.18310546875, 0.4454736328125, -0.05748046875, 9.254355468750001, 228.0, -91.0, -449.0]
51,38.6810302734375,4,0.93479633,[-0.3900146484375, -2.735595703125, -49.691162109375, 0.0, 0.0, 0.0, 0.469423828125, -0.05748046875, 9.283095703125001, 228.0, -91.0, -448.0]
52,39.17837142944336,4,0.9205362,[-0.3900146484375, -2.7410888671875, -49.691162109375, 0.0, -0.18310546875, -0.06103515625, 0.45026367187500005, -0.052690429687500005, 9.283095703125001, 228.0, -90.0, -448.0]
53,34.66153144836426,4,0.870557,[-0.3900146484375, -2.7410888671875, -49.691162109375, -0.1220703125, -0.06103515625, -0.1220703125, 0.4742138671875, -0.052690429687500005, 9.283095703125001, 227.0, -91.0, -447.0]
54,26.163339614868164,4,0.6848053,[-0.3900146484375, -2.7410888671875, -49.691162109375, 0.0, 0.244140625, 0.0, 0.4646337890625, -0.052690429687500005, 9.2783056640625, 228.0, -91.0, -448.0]
55,23.980379104614258,4,0.60030484,[-0.3900146484375, -2.7410888671875, -49.691162109375, 0.0, -0.06103515625, 0.0, 0.45984375, -0.067060546875, 9.268725585937501, 228.0, -90.0, -447.0]
56,22.461414337158203,4,0.5796263,[-0.3900146484375, -2.7410888671875, -49.691162109375, -0.06103515625, 0.0, 0.0, 0.4358935546875, -0.0622705078125, 9.302255859375, 228.0, -91.0, -447.0]
57,23.620128631591797,4,0.6288897,[-0.3900146484375, -2.7410888671875, -49.691162109375, -0.1220703125, 0.18310546875, 0.0, 0.4550537109375, -0.0383203125, 9.297465820312501, 228.0, -90.0, -448.0]
58,34.45601463317871,1,0.21204326,[-0.3900146484375, -2.7410888671875, -49.691162109375, 0.0, 0.244140625, -0.18310546875, 0.45026367187500005, -0.0622705078125, 9.3070458984375, 228.0, -91.0, -447.0]
59,33.71429443359375,1,0.21226534,[-0.3900146484375, -2.735595703125, -49.691162109375, -0.06103515625, 0.30517578125, 0.0, 0.4550537109375, -0.0718505859375, 9.2783056640625, 228.0, -91.0, -448.0]
60,33.687591552734375,1,0.21253088,[-0.3900146484375, -2.735595703125, -49.691162109375, 0.0, -0.1220703125, 0.0, 0.44068359375000005, -0.05748046875, 9.283095703125001, 228.0, -91.0, -448.0]
61,29.75916862487793,1,0.2125597,[-0.3900146484375, -2.735595703125, -49.691162109375, 0.1220703125, -0.244140625, 0.0, 0.45026367187500005, -0.067060546875, 9.268725585937501, 228.0, -92.0, -447.0]
62,25.754451751708984,1,0.2124148,[-0.3900146484375, -2.7410888671875, -49.691162109375, 0.06103515625, -0.1220703125, -0.1220703125, 0.4358935546875, -0.0814306640625, 9.273515625, 228.0, -91.0, -448.0]
63,24.169921875,1,0.21235988,[-0.3900146484375, -2.735595703125, -49.691162109375, 0.1220703125, 0.0, 0.06103515625, 0.44068359375000005, -0.067060546875, 9.2878857421875, 228.0, -92.0, -447.0]
64,23.12612533569336,1,0.21244729,[-0.3900146484375, -2.735595703125, -49.6856689453125, 0.0, 0.244140625, 0.0, 0.44068359375000005, -0.0622705078125, 9.297465820312501, 229.0, -92.0, -448.0]
65,36.757707595825195,1,0.21218112,[-0.3900146484375, -2.735595703125, -49.6856689453125, 0.06103515625, 0.0, 0.06103515625, 0.4263134765625, -0.052690429687500005, 9.283095703125001, 229.0, -92.0, -447.0]
66,33.85734558105469,1,0.21213317,[-0.3900146484375, -2.735595703125, -49.6856689453125, 0.0, 0.1220703125, 0.06103515625, 0.4454736328125, -0.052690429687500005, 9.273515625, 229.0, -92.0, -447.0]
67,33.116817474365234,1,0.21212482,[-0.3900146484375, -2.7410888671875, -49.6856689453125, -0.06103515625, -0.1220703125, -0.1220703125, 0.4454736328125, -0.047900390625000004, 9.29267578125, 230.0, -92.0, -446.0]
68,35.68840026855469,1,0.2122244,[-0.3900146484375, -2.7410888671875, -49.6856689453125, 0.1220703125, -0.06103515625, 0.1220703125, 0.44068359375000005, -0.0718505859375, 9.302255859375, 229.0, -92.0, -446.0]
69,25.79784393310547,1,0.21233189,[-0.3900146484375, -2.735595703125, -49.68017578125, 0.06103515625, 0.42724609375, 0.06103515625, 0.44068359375000005, -0.0431103515625, 9.2878857421875, 228.0, -91.0, -447.0]
70,23.67115020751953,1,0.21223783,[-0.3900146484375, -2.735595703125, -49.68017578125, -0.1220703125, 0.0, 0.0, 0.4358935546875, -0.0622705078125, 9.2783056640625, 228.0, -91.0, -446.0]
71,25.431394577026367,1,0.21205923,[-0.3900146484375, -2.735595703125, -49.68017578125, -0.1220703125, -0.06103515625, -0.06103515625, 0.4550537109375, -0.05748046875, 9.2878857421875, 229.0, -92.0, -446.0]
72,37.940263748168945,1,0.21194413,[-0.3900146484375, -2.735595703125, -49.68017578125, -0.06103515625, -0.06103515625, 0.0, 0.45984375, -0.05748046875, 9.2878857421875, 229.0, -91.0, -446.0]
73,32.19747543334961,1,0.21194732,[-0.3900146484375, -2.735595703125, -49.68017578125, -0.244140625, 0.0, -0.18310546875, 0.45984375, -0.052690429687500005, 9.29267578125, 228.0, -92.0, -446.0]
74,32.81831741333008,1,0.2121641,[-0.3900146484375, -2.735595703125, -49.68017578125, 0.0, 0.06103515625, -0.06103515625, 0.4646337890625, -0.05748046875, 9.273515625, 229.0, -91.0, -447.0]
75,35.00771522521973,1,0.2122902,[-0.3900146484375, -2.735595703125, -49.68017578125, -0.1220703125, -0.06103515625, 0.0, 0.4454736328125, -0.067060546875, 9.283095703125001, 229.0, -91.0, -446.0]
76,34.7750186920166,1,0.21240076,[-0.3900146484375, -2.735595703125, -49.68017578125, -0.1220703125, 0.1220703125, 0.0, 0.45984375, -0.0814306640625, 9.3166259765625, 229.0, -91.0, -446.0]
77,26.738882064819336,1,0.21236333,[-0.3900146484375, -2.735595703125, -49.68017578125, 0.06103515625, -0.18310546875, 0.1220703125, 0.4550537109375, -0.05748046875, 9.2878857421875, 229.0, -90.0, -446.0]
78,33.45680236816406,1,0.21240103,[-0.3900146484375, -2.735595703125, -49.68017578125, -0.06103515625, 0.0, 0.0, 0.4454736328125, -0.0622705078125, 9.3070458984375, 229.0, -91.0, -446.0]
79,38.53797912597656,1,0.212661,[-0.3900146484375, -2.735595703125, -49.6856689453125, 0.06103515625, 0.244140625, -0.06103515625, 0.4454736328125, -0.0718505859375, 9.297465820312501, 229.0, -91.0, -447.0]
80,32.50932693481445,1,0.21267661,[-0.3900146484375, -2.735595703125, -49.6856689453125, 0.0, 0.0, 0.0, 0.4454736328125, -0.05748046875, 9.3118359375, 229.0, -90.0, -447.0]
81,34.48915481567383,1,0.21270624,[-0.3900146484375, -2.735595703125, -49.6856689453125, 0.0, 0.0, 0.0, 0.4454736328125, -0.067060546875, 9.2878857421875, 229.0, -90.0, -448.0]
82,25.68197250366211,1,0.21262527,[-0.3900146484375, -2.735595703125, -49.6856689453125, 0.0, 0.0, 0.0, 0.44068359375000005, -0.067060546875, 9.283095703125001, 229.0, -91.0, -448.0]
83,22.157669067382812,1,0.21279156,[-0.3900146484375, -2.735595703125, -49.6856689453125, 0.0, 0.0, 0.0, 0.43110351562500004, -0.086220703125, 9.273515625, 229.0, -91.0, -447.0]
84,20.213603973388672,1,0.21281493,[-0.3900146484375, -2.735595703125, -49.6856689453125, 0.0, 0.0, 0.0, 0.45984375, -0.052690429687500005, 9.273515625, 229.0, -91.0, -448.0]
85,19.976377487182617,1,0.21280876,[-0.3900146484375, -2.735595703125, -49.6856689453125, 0.0, 0.0, 0.0, 0.4646337890625, -0.0431103515625, 9.302255859375, 228.0, -90.0, -447.0]
86,28.618812561035156,1,0.2128025,[-0.3900146484375, -2.735595703125, -49.6856689453125, 0.0, 0.0, 0.0, 0.4550537109375, -0.05748046875, 9.273515625, 228.0, -91.0, -448.0]
87,36.23557090759277,1,0.21247008,[-0.3900146484375, -2.735595703125, -49.6856689453125, 0.0, 0.0, 0.0, 0.45984375, -0.067060546875, 9.273515625, 228.0, -91.0, -448.0]
88,34.66010093688965,1,0.21245706,[-0.3900146484375, -2.735595703125, -49.6856689453125, 0.0, 0.0, 0.0, 0.469423828125, -0.0622705078125, 9.2783056640625, 228.0, -92.0, -446.0]
89,32.529592514038086,1,0.2125597,[-0.3900146484375, -2.735595703125, -49.6856689453125, 0.0, 0.0, 0.0, 0.44068359375000005, -0.05748046875, 9.273515625, 229.0, -91.0, -447.0]
90,30.066728591918945,1,0.21246806,[-0.3900146484375, -2.735595703125, -49.6856689453125, 0.0, 0.0, 0.0, 0.4550537109375, -0.0622705078125, 9.273515625, 229.0, -91.0, -447.0]
91,24.219751358032227,1,0.21242896,[-0.3900146484375, -2.735595703125, -49.6856689453125, 0.0, 0.0, 0.0, 0.44068359375000005, -0.0718505859375, 9.29267578125, 229.0, -91.0, -448.0]
92,21.416664123535156,1,0.2125136,[-0.3900146484375, -2.735595703125, -49.6856689453125, 0.0, 0.0, 0.0, 0.4646337890625, -0.052690429687500005, 9.268725585937501, 229.0, -90.0, -448.0]
93,20.22719383239746,1,0.21256876,[-0.3900146484375, -2.735595703125, -49.6856689453125, 0.0, 0.0, 0.0, 0.4550537109375, -0.0718505859375, 9.302255859375, 229.0, -91.0, -446.0]
94,28.52916717529297,1,0.2125772,[-0.3900146484375, -2.735595703125, -49.691162109375, 0.0, 0.0, 0.0, 0.45026367187500005, -0.067060546875, 9.283095703125001, 229.0, -90.0, -447.0]
95,32.38868713378906,1,0.21247673,[-0.3900146484375, -2.735595703125, -49.691162109375, 0.0, 0.0, 0.0, 0.44068359375000005, -0.076640625, 9.297465820312501, 228.0, -90.0, -446.0]
96,34.85751152038574,1,0.21253756,[-0.3900146484375, -2.735595703125, -49.691162109375, 0.0, 0.0, 0.0, 0.4742138671875, -0.0718505859375, 9.302255859375, 229.0, -91.0, -445.0]
97,31.464815139770508,1,0.21261072,[-0.3900146484375, -2.735595703125, -49.691162109375, 0.0, 0.0, 0.0, 0.4454736328125, -0.0718505859375, 9.29267578125, 228.0, -90.0, -445.0]
98,30.74479103088379,1,0.21267551,[-0.3900146484375, -2.735595703125, -49.6856689453125, 0.0, 0.0, 0.0, 0.43110351562500004, -0.0718505859375, 9.3070458984375, 227.0, -92.0, -444.0]
99,24.771690368652344,1,0.21272597,[-0.3900146484375, -2.735595703125, -49.6856689453125, 0.0, 0.0, 0.0, 0.4358935546875, -0.067060546875, 9.268725585937501, 228.0, -91.0, -446.0]
100,21.838903427124023,1,0.2128093,[-0.3900146484375, -2.735595703125, -49.6856689453125, 0.0, 0.0, 0.0, 0.43110351562500004, -0.067060546875, 9.2783056640625, 227.0, -90.0, -446.0]
101,20.316600799560547,1,0.21302864,[-0.3900146484375, -2.735595703125, -49.6856689453125, 0.0, 0.0, 0.0, 0.44068359375000005, -0.076640625, 9.254355468750001, 228.0, -91.0, -445.0]
102,26.772260665893555,1,0.21305725,[-0.3900146484375, -2.735595703125, -49.6856689453125, 0.0, 0.0, 0.0, 0.45026367187500005, -0.052690429687500005, 9.263935546875, 228.0, -91.0, -446.0]
103,32.80043601989746,1,0.2131634,[-0.3900146484375, -2.7410888671875, -49.6856689453125, 0.0, 0.0, 0.0, 0.4550537109375, -0.067060546875, 9.2878857421875, 228.0, -91.0, -445.0]
104,36.4985466003418,1,0.21318272,[-0.3900146484375, -2.7410888671875, -49.6856689453125, 0.0, 0.0, 0.0, 0.44068359375000005, -0.067060546875, 9.263935546875, 228.0, -91.0, -445.0]
105,31.174421310424805,1,0.21313143,[-0.3900146484375, -2.7410888671875, -49.68017578125, 0.0, 0.0, 0.0, 0.45026367187500005, -0.067060546875, 9.268725585937501, 227.0, -91.0, -444.0]
106,30.131816864013672,1,0.21300241,[-0.3900146484375, -2.7410888671875, -49.68017578125, 0.0, 0.0, 0.0, 0.4646337890625, -0.05748046875, 9.297465820312501, 227.0, -91.0, -445.0]
107,28.229475021362305,1,0.21285239,[-0.3900146484375, -2.7410888671875, -49.68017578125, 0.0, 0.0, 0.0, 0.45026367187500005, -0.0718505859375, 9.268725585937501, 228.0, -91.0, -444.0]
108,23.208141326904297,1,0.21299633,[-0.3900146484375, -2.7410888671875, -49.68017578125, 0.0, 0.0, 0.0, 0.4550537109375, -0.0431103515625, 9.2878857421875, 227.0, -92.0, -444.0]
109,21.192073822021484,1,0.21308231,[-0.3900146484375, -2.7410888671875, -49.6746826171875, 0.0, 0.0, 0.0, 0.45026367187500005, -0.0622705078125, 9.29267578125, 227.0, -91.0, -446.0]
110,30.18665313720703,1,0.21313027,[-0.3900146484375, -2.7410888671875, -49.6746826171875, 0.0, 0.0, 0.0, 0.4358935546875, -0.0431103515625, 9.283095703125001, 227.0, -91.0, -444.0]
111,35.025835037231445,1,0.2131061,[-0.3900146484375, -2.7410888671875, -49.6746826171875, 0.0, 0.0, 0.0, 0.45026367187500005, -0.0622705078125, 9.297465820312501, 227.0, -92.0, -445.0]
112,32.26637840270996,1,0.21319649,[-0.3900146484375, -2.7410888671875, -49.6746826171875, 0.0, 0.0, 0.0, 0.44068359375000005, -0.0622705078125, 9.3166259765625, 227.0, -92.0, -445.0]
113,33.815622329711914,1,0.21321875,[-0.3900146484375, -2.7410888671875, -49.669189453125, 0.0, 0.0, 0.0, 0.42152343750000004, -0.0622705078125, 9.2878857421875, 227.0, -92.0, -444.0]
114,30.408859252929688,1,0.21318856,[-0.3900146484375, -2.7410888671875, -49.669189453125, 0.0, 0.0, 0.0, 0.44068359375000005, -0.086220703125, 9.268725585937501, 227.0, -92.0, -445.0]
115,24.339914321899414,1,0.2130779,[-0.3900146484375, -2.7410888671875, -49.6636962890625, 0.0, 0.0, 0.0, 0.469423828125, -0.0383203125, 9.29267578125, 227.0, -92.0, -445.0]
116,22.688627243041992,1,0.2130149,[-0.3900146484375, -2.7410888671875, -49.6636962890625, 0.0, 0.0, 0.0, 0.4646337890625, -0.076640625, 9.2878857421875, 227.0, -92.0, -445.0]
117,31.165361404418945,1,0.21285447,[-0.3900146484375, -2.7410888671875, -49.6636962890625, 0.0, 0.0, 0.0, 0.44068359375000005, -0.052690429687500005, 9.2878857421875, 226.0, -93.0, -444.0]
118,32.84096717834473,1,0.21281269,[-0.3900146484375, -2.7410888671875, -49.658203125, 0.0, 0.0, 0.0, 0.44068359375000005, -0.076640625, 9.3070458984375, 227.0, -92.0, -444.0]
119,31.641483306884766,1,0.212778,[-0.3900146484375, -2.7410888671875, -49.658203125, 0.0, 0.0, 0.0, 0.4454736328125, -0.05748046875, 9.2878857421875, 227.0, -91.0, -445.0]
120,32.052040100097656,1,0.21261853,[-0.3900146484375, -2.7410888671875, -49.658203125, 0.0, 0.0, 0.0, 0.4550537109375, -0.0718505859375, 9.302255859375, 227.0, -91.0, -445.0]
121,29.801607131958008,1,0.21263325,[-0.3900146484375, -2.7410888671875, -49.658203125, 0.0, 0.0, 0.0, 0.4263134765625, -0.052690429687500005, 9.3118359375, 228.0, -92.0, -445.0]
122,25.62999725341797,1,0.21270108,[-0.3900146484375, -2.7410888671875, -49.658203125, 0.0, 0.0, 0.0, 0.45026367187500005, -0.052690429687500005, 9.268725585937501, 228.0, -92.0, -445.0]
123,23.901939392089844,1,0.21274701,[-0.3900146484375, -2.7410888671875, -49.6527099609375, 0.0, 0.0, 0.0, 0.4646337890625, -0.0383203125, 9.263935546875, 228.0, -92.0, -445.0]
124,48.110008239746094,1,0.21274453,[-0.3900146484375, -2.7410888671875, -49.6527099609375, 0.0, 0.0, 0.0, 0.4646337890625, -0.0622705078125, 9.3070458984375, 228.0, -91.0, -446.0]
125,37.451744079589844,1,0.21273515,[-0.3900146484375, -2.7410888671875, -49.6527099609375, 0.0, 0.0, 0.0, 0.4646337890625, -0.05748046875, 9.29267578125, 228.0, -92.0, -445.0]
126,35.86530685424805,1,0.21271071,[-0.3900146484375, -2.7410888671875, -49.6527099609375, 0.0, 0.0, 0.0, 0.4550537109375, -0.052690429687500005, 9.29267578125, 229.0, -92.0, -445.0]
127,26.669025421142578,1,0.21284541,[-0.3900146484375, -2.7410888671875, -49.6527099609375, 0.1220703125, -0.48828125, 0.1220703125, 0.45984375, -0.086220703125, 9.29267578125, 229.0, -91.0, -446.0]
128,22.07660675048828,1,0.21289593,[-0.3900146484375, -2.7410888671875, -49.6527099609375, 0.06103515625, 0.06103515625, 0.0, 0.4263134765625, -0.05748046875, 9.283095703125001, 229.0, -92.0, -445.0]
129,20.407676696777344,1,0.21276063,[-0.3900146484375, -2.7410888671875, -49.6527099609375, -0.1220703125, 0.0, 0.0, 0.43110351562500004, -0.052690429687500005, 9.2783056640625, 229.0, -91.0, -447.0]
130,24.92809295654297,1,0.21267703,[-0.3900146484375, -2.7410888671875, -49.6527099609375, -0.06103515625, 0.06103515625, -0.06103515625, 0.469423828125, -0.0814306640625, 9.283095703125001, 229.0, -91.0, -445.0]
131,40.15851020812988,1,0.21285892,[-0.3900146484375, -2.7410888671875, -49.6527099609375, 0.0, -0.1220703125, 0.0, 0.44068359375000005, -0.05748046875, 9.29267578125, 229.0, -92.0, -446.0]
132,35.52651405334473,1,0.21289635,[-0.3900146484375, -2.7410888671875, -49.6527099609375, 0.0, 0.06103515625, 0.0, 0.45026367187500005, -0.0431103515625, 9.273515625, 229.0, -91.0, -447.0]
133,42.375802993774414,1,0.21290573,[-0.3900146484375, -2.7410888671875, -49.647216796875, 0.06103515625, 0.0, 0.0, 0.45984375, -0.0431103515625, 9.273515625, 229.0, -92.0, -445.0]
134,28.34486961364746,1,0.21288982,[-0.3900146484375, -2.7410888671875, -49.647216796875, -0.1220703125, -0.06103515625, 0.06103515625, 0.4454736328125, -0.0814306640625, 9.29267578125, 228.0, -92.0, -447.0]
135,22.725820541381836,1,0.21293956,[-0.3900146484375, -2.7410888671875, -49.647216796875, 0.0, 0.0, 0.06103515625, 0.469423828125, -0.052690429687500005, 9.268725585937501, 227.0, -92.0, -445.0]
136,21.21710777282715,1,0.21291053,[-0.3900146484375, -2.7410888671875, -49.6417236328125, 0.0, -0.1220703125, 0.0, 0.44068359375000005, -0.0814306640625, 9.268725585937501, 227.0, -93.0, -447.0]
137,26.253223419189453,1,0.21255696,[-0.3900146484375, -2.74658203125, -49.63623046875, -0.06103515625, 0.06103515625, 0.0, 0.45026367187500005, -0.052690429687500005, 9.273515625, 227.0, -92.0, -447.0]
138,33.527374267578125,1,0.2126416,[-0.3900146484375, -2.74658203125, -49.63623046875, 0.0, 0.06103515625, 0.0, 0.43110351562500004, -0.0718505859375, 9.263935546875, 227.0, -93.0, -446.0]
139,32.56940841674805,1,0.21267569,[-0.3900146484375, -2.7410888671875, -49.63623046875, 0.0, 0.1220703125, 0.0, 0.45984375, -0.0718505859375, 9.2783056640625, 227.0, -92.0, -447.0]
140,34.142494201660156,1,0.21246532,[-0.3900146484375, -2.7410888671875, -49.6307373046875, 0.0, 0.3662109375, -0.06103515625, 0.4454736328125, -0.05748046875, 9.268725585937501, 227.0, -92.0, -447.0]
141,29.1135311126709,1,0.21244276,[-0.3900146484375, -2.7410888671875, -49.6307373046875, -0.06103515625, -0.06103515625, -0.1220703125, 0.4358935546875, -0.052690429687500005, 9.273515625, 227.0, -93.0, -446.0]
142,29.436826705932617,1,0.21238402,[-0.3900146484375, -2.7410888671875, -49.625244140625, -0.06103515625, 0.06103515625, 0.0, 0.4646337890625, -0.0718505859375, 9.283095703125001, 228.0, -93.0, -446.0]
143,23.757219314575195,1,0.2122401,[-0.3900146484375, -2.7410888671875, -49.625244140625, -0.06103515625, 0.3662109375, -0.06103515625, 0.44068359375000005, -0.0718505859375, 9.283095703125001, 228.0, -93.0, -445.0]
144,20.82538604736328,1,0.21216524,[-0.3900146484375, -2.7410888671875, -49.625244140625, 0.0, 0.1220703125, 0.0, 0.45026367187500005, -0.09580078125000001, 9.2878857421875, 229.0, -92.0, -446.0]
145,27.48584747314453,1,0.21193427,[-0.3900146484375, -2.735595703125, -49.6197509765625, 0.1220703125, 0.1220703125, 0.0, 0.4742138671875, -0.0814306640625, 9.2878857421875, 228.0, -92.0, -446.0]
146,35.088539123535156,1,0.2119317,[-0.3900146484375, -2.735595703125, -49.6197509765625, 0.0, 0.06103515625, -0.06103515625, 0.45026367187500005, -0.067060546875, 9.29267578125, 228.0, -92.0, -446.0]
147,35.060882568359375,1,0.2118954,[-0.3900146484375, -2.7410888671875, -49.6197509765625, 0.0, 0.0, 0.1220703125, 0.45026367187500005, -0.047900390625000004, 9.273515625, 228.0, -91.0, -447.0]
148,29.997825622558594,1,0.2119317,[-0.3900146484375, -2.7410888671875, -49.6197509765625, -0.06103515625, 0.1220703125, 0.0, 0.4646337890625, -0.0718505859375, 9.273515625, 228.0, -92.0, -446.0]
149,26.340961456298828,1,0.21191803,[-0.3900146484375, -2.7410888671875, -49.6142578125, -0.06103515625, 0.30517578125, 0.0, 0.45984375, -0.047900390625000004, 9.2878857421875, 229.0, -92.0, -447.0]
150,22.51887321472168,1,0.2120465,[-0.3900146484375, -2.735595703125, -49.6142578125, 0.0, 0.1220703125, 0.0, 0.469423828125, -0.047900390625000004, 9.2399853515625, 229.0, -92.0, -447.0]
151,20.553112030029297,1,0.21211272,[-0.3900146484375, -2.735595703125, -49.6142578125, 0.0, 0.42724609375, -0.06103515625, 0.4550537109375, -0.0431103515625, 9.2783056640625, 229.0, -93.0, -447.0]
152,26.434898376464844,1,0.21214369,[-0.3900146484375, -2.735595703125, -49.6142578125, 0.0, 0.1220703125, 0.0, 0.45026367187500005, -0.0814306640625, 9.2591455078125, 229.0, -92.0, -448.0]
153,30.330896377563477,1,0.21236512,[-0.3900146484375, -2.735595703125, -49.6087646484375, 0.0, 0.244140625, 0.0, 0.4263134765625, -0.0622705078125, 9.268725585937501, 229.0, -93.0, -448.0]
154,34.05904769897461,1,0.21230769,[-0.3900146484375, -2.735595703125, -49.6087646484375, -0.1220703125, 0.18310546875, 0.0, 0.469423828125, -0.0814306640625, 9.297465820312501, 229.0, -92.0, -449.0]
155,32.149314880371094,1,0.2122075,[-0.3900146484375, -2.735595703125, -49.6087646484375, 0.06103515625, 0.18310546875, 0.18310546875, 0.4454736328125, -0.0431103515625, 9.2783056640625, 229.0, -92.0, -448.0]
156,31.737089157104492,1,0.21209976,[-0.3900146484375, -2.735595703125, -49.6087646484375, 0.0, -0.1220703125, 0.0, 0.44068359375000005, -0.0383203125, 9.254355468750001, 229.0, -92.0, -448.0]
157,29.393434524536133,1,0.21189687,[-0.3900146484375, -2.735595703125, -49.6087646484375, -0.1220703125, 0.0, 0.0, 0.4358935546875, -0.0431103515625, 9.297465820312501, 230.0, -91.0, -448.0]
158,28.868913650512695,1,0.21173877,[-0.3900146484375, -2.735595703125, -49.6087646484375, 0.06103515625, -0.06103515625, 0.06103515625, 0.4454736328125, -0.0718505859375, 9.3118359375, 229.0, -92.0, -447.0]
159,32.80949592590332,1,0.2117182,[-0.3900146484375, -2.735595703125, -49.6087646484375, -0.1220703125, 0.0, -0.06103515625, 0.4550537109375, -0.076640625, 9.2783056640625, 229.0, -91.0, -447.0]
160,37.268877029418945,1,0.2115379,[-0.3900146484375, -2.735595703125, -49.6087646484375, 0.0, 0.3662109375, -0.06103515625, 0.4550537109375, -0.067060546875, 9.3070458984375, 229.0, -92.0, -445.0]
161,31.777620315551758,1,0.21167403,[-0.3900146484375, -2.735595703125, -49.6087646484375, -0.06103515625, -0.06103515625, 0.0, 0.4550537109375, -0.0431103515625, 9.2878857421875, 229.0, -92.0, -445.0]
162,31.517505645751953,1,0.21165964,[-0.3900146484375, -2.735595703125, -49.603271484375, 0.0, 0.0, 0.1220703125, 0.45026367187500005, -0.047900390625000004, 9.283095703125001, 228.0, -92.0, -445.0]
163,33.74195098876953,1,0.21191818,[-0.3900146484375, -2.735595703125, -49.603271484375, 0.0, 0.06103515625, 0.1220703125, 0.4454736328125, -0.05748046875, 9.268725585937501, 228.0, -93.0, -445.0]
164,28.590679168701172,1,0.21209693,[-0.3900146484375, -2.735595703125, -49.603271484375, 0.1220703125, -0.244140625, 0.0, 0.4263134765625, -0.0622705078125, 9.273515625, 228.0, -91.0, -447.0]
165,23.142337799072266,1,0.21231797,[-0.3900146484375, -2.7301025390625, -49.603271484375, -0.06103515625, 0.0, 0.06103515625, 0.45026367187500005, -0.067060546875, 9.2783056640625, 228.0, -92.0, -446.0]
166,21.712064743041992,1,0.21241125,[-0.3900146484375, -2.7301025390625, -49.5977783203125, 0.0, 0.06103515625, -0.06103515625, 0.45026367187500005, -0.067060546875, 9.302255859375, 227.0, -92.0, -447.0]
167,36.26394271850586,1,0.21250755,[-0.3900146484375, -2.7301025390625, -49.5977783203125, -0.06103515625, -0.244140625, 0.06103515625, 0.45984375, -0.0718505859375, 9.2783056640625, 227.0, -92.0, -446.0]
168,33.59794616699219,1,0.21258894,[-0.3900146484375, -2.7301025390625, -49.5977783203125, 0.0, 0.0, 0.0, 0.4358935546875, -0.052690429687500005, 9.2878857421875, 228.0, -93.0, -446.0]
169,33.154964447021484,1,0.21252748,[-0.3900146484375, -2.735595703125, -49.59228515625, 0.0, -0.18310546875, 0.06103515625, 0.4550537109375, -0.047900390625000004, 9.297465820312501, 228.0, -92.0, -446.0]
170,31.098127365112305,1,0.2126435,[-0.3900146484375, -2.7301025390625, -49.59228515625, 0.0, 0.0, 0.0, 0.45026367187500005, -0.0814306640625, 9.2783056640625, 227.0, -92.0, -446.0]
171,26.207685470581055,1,0.21254182,[-0.3900146484375, -2.7301025390625, -49.59228515625, 0.0, -0.1220703125, 0.0, 0.4646337890625, -0.0622705078125, 9.2783056640625, 228.0, -92.0, -446.0]
172,22.260665893554688,1,0.2124987,[-0.3900146484375, -2.7301025390625, -49.59228515625, -0.06103515625, 0.30517578125, 0.0, 0.4550537109375, -0.0622705078125, 9.268725585937501, 228.0, -91.0, -446.0]
173,21.1331844329834,1,0.21259016,[-0.3900146484375, -2.724609375, -49.59228515625, 0.0, 0.0, -0.06103515625, 0.44068359375000005, -0.0718505859375, 9.302255859375, 228.0, -92.0, -446.0]
174,28.753042221069336,1,0.21243745,[-0.3955078125, -2.724609375, -49.59228515625, 0.0, 0.0, 0.06103515625, 0.45026367187500005, -0.0718505859375, 9.2878857421875, 228.0, -90.0, -448.0]
175,30.800819396972656,1,0.21244812,[-0.3955078125, -2.724609375, -49.59228515625, 0.0, 0.0, 0.0, 0.4263134765625, -0.067060546875, 9.321416015625001, 228.0, -91.0, -448.0]
176,30.37858009338379,1,0.21256158,[-0.3955078125, -2.724609375, -49.59228515625, 0.0, 0.18310546875, 0.06103515625, 0.4454736328125, -0.0718505859375, 9.283095703125001, 228.0, -92.0, -447.0]
177,32.75632858276367,1,0.21244186,[-0.3955078125, -2.724609375, -49.59228515625, 0.0, 0.0, 0.1220703125, 0.45026367187500005, -0.0814306640625, 9.302255859375, 229.0, -91.0, -447.0]
178,30.313968658447266,1,0.2126301,[-0.3955078125, -2.724609375, -49.59228515625, -0.06103515625, -0.06103515625, 0.0, 0.4550537109375, -0.076640625, 9.283095703125001, 228.0, -92.0, -447.0]
179,29.652118682861328,1,0.21257198,[-0.3955078125, -2.724609375, -49.59228515625, 0.06103515625, 0.0, 0.06103515625, 0.469423828125, -0.05748046875, 9.2878857421875, 228.0, -91.0, -448.0]
180,24.60503578186035,1,0.21256185,[-0.3955078125, -2.724609375, -49.59228515625, 0.1220703125, -0.06103515625, 0.0, 0.44068359375000005, -0.028740234375, 9.283095703125001, 228.0, -91.0, -447.0]
181,33.71739387512207,1,0.21241173,[-0.3900146484375, -2.724609375, -49.5867919921875, 0.1220703125, -0.3662109375, 0.06103515625, 0.44068359375000005, -0.0718505859375, 9.2783056640625, 229.0, -92.0, -449.0]
182,33.24079513549805,1,0.21243143,[-0.3900146484375, -2.724609375, -49.5867919921875, 0.0, -0.06103515625, 0.0, 0.45984375, -0.0718505859375, 9.2783056640625, 228.0, -92.0, -448.0]
183,31.87847137451172,1,0.21242532,[-0.3900146484375, -2.724609375, -49.5867919921875, -0.06103515625, 0.06103515625, 0.0, 0.44068359375000005, -0.0335302734375, 9.2783056640625, 228.0, -91.0, -448.0]
184,30.14540672302246,1,0.21225,[-0.3900146484375, -2.724609375, -49.5867919921875, 0.06103515625, -0.06103515625, 0.0, 0.4358935546875, -0.0622705078125, 9.29267578125, 228.0, -91.0, -448.0]
185,32.065391540527344,1,0.21236813,[-0.3900146484375, -2.7301025390625, -49.5867919921875, 0.06103515625, -0.244140625, 0.1220703125, 0.4550537109375, -0.067060546875, 9.2783056640625, 228.0, -92.0, -447.0]
186,27.566194534301758,1,0.21251553,[-0.3900146484375, -2.724609375, -49.5867919921875, -0.06103515625, 0.6103515625, 0.0, 0.45026367187500005, -0.0431103515625, 9.2783056640625, 229.0, -92.0, -447.0]
187,27.252912521362305,1,0.21242094,[-0.3900146484375, -2.724609375, -49.5867919921875, 0.06103515625, 0.0, -0.06103515625, 0.469423828125, -0.067060546875, 9.283095703125001, 229.0, -92.0, -447.0]
188,38.33746910095215,1,0.21245426,[-0.3900146484375, -2.724609375, -49.581298828125, -0.1220703125, 0.0, -0.06103515625, 0.4454736328125, -0.047900390625000004, 9.268725585937501, 229.0, -92.0, -446.0]
189,37.05739974975586,1,0.2123901,[-0.3900146484375, -2.724609375, -49.581298828125, 0.0, -0.1220703125, -0.06103515625, 0.4454736328125, -0.0718505859375, 9.268725585937501, 229.0, -92.0, -446.0]
190,32.140493392944336,1,0.21231896,[-0.3900146484375, -2.724609375, -49.581298828125, 0.06103515625, 0.0, 0.0, 0.44068359375000005, -0.052690429687500005, 9.2783056640625, 229.0, -92.0, -446.0]
191,28.48339080810547,1,0.21227783,[-0.3900146484375, -2.724609375, -49.581298828125, 0.1220703125, -0.244140625, 0.06103515625, 0.4454736328125, -0.0335302734375, 9.29267578125, 229.0, -92.0, -446.0]
192,23.388147354125977,1,0.2123101,[-0.3900146484375, -2.724609375, -49.581298828125, 0.0, -0.30517578125, 0.0, 0.4550537109375, -0.0718505859375, 9.283095703125001, 229.0, -92.0, -447.0]
193,21.37136459350586,1,0.21240592,[-0.3900146484375, -2.724609375, -49.5758056640625, 0.0, 0.1220703125, 0.0, 0.4358935546875, -0.067060546875, 9.2878857421875, 228.0, -93.0, -446.0]
194,20.043611526489258,1,0.21234223,[-0.3900146484375, -2.724609375, -49.5758056640625, 0.0, -0.1220703125, 0.06103515625, 0.4646337890625, -0.05748046875, 9.2783056640625, 228.0, -93.0, -446.0]
195,28.769731521606445,1,0.21226767,[-0.3900146484375, -2.724609375, -49.5703125, 0.0, 0.0, 0.0, 0.42152343750000004, -0.047900390625000004, 9.2783056640625, 228.0, -93.0, -446.0]
196,36.086320877075195,1,0.21260393,[-0.3900146484375, -2.724609375, -49.5703125, 0.06103515625, 0.0, -0.06103515625, 0.4454736328125, -0.052690429687500005, 9.302255859375, 228.0, -92.0, -447.0]
197,31.661510467529297,1,0.21259865,[-0.3900146484375, -2.7301025390625, -49.5758056640625, -0.06103515625, 0.1220703125, 0.0, 0.4646337890625, -0.0622705078125, 9.268725585937501, 228.0, -91.0, -447.0]
198,30.796527862548828,1,0.21264124,[-0.3900146484375, -2.7301025390625, -49.5758056640625, 0.1220703125, 0.1220703125, 0.06103515625, 0.44068359375000005, -0.0335302734375, 9.302255859375, 228.0, -91.0, -446.0]
199,24.910926818847656,1,0.2125445,[-0.3900146484375, -2.7301025390625, -49.5758056640625, 0.0, 0.0, 0.06103515625, 0.4550537109375, -0.0622705078125, 9.29267578125, 228.0, -91.0, -446.0]
200,21.878480911254883,1,0.21253711,[-0.3900146484375, -2.7301025390625, -49.5758056640625, 0.06103515625, -0.18310546875, 0.0, 0.4454736328125, -0.05748046875, 9.273515625, 228.0, -91.0, -445.0]
201,20.16139030456543,1,0.21237409,[-0.3900146484375, -2.7301025390625, -49.5758056640625, -0.06103515625, -0.18310546875, -0.1220703125, 0.4550537109375, -0.067060546875, 9.297465820312501, 228.0, -92.0, -445.0]
202,26.844024658203125,1,0.21222839,[-0.3900146484375, -2.724609375, -49.5758056640625, 0.0, 0.244140625, 0.0, 0.45026367187500005, -0.0622705078125, 9.283095703125001, 228.0, -91.0, -444.0]
203,31.998395919799805,1,0.21236095,[-0.3900146484375, -2.724609375, -49.5758056640625, 0.0, 0.0, 0.0, 0.4646337890625, -0.052690429687500005, 9.263935546875, 228.0, -92.0, -445.0]
204,27.367115020751953,1,0.21239641,[-0.3900146484375, -2.724609375, -49.5758056640625, 0.0, 0.42724609375, 0.0, 0.45026367187500005, -0.05748046875, 9.2878857421875, 228.0, -91.0, -446.0]
205,32.282352447509766,1,0.21264434,[-0.3900146484375, -2.724609375, -49.5758056640625, 0.0, 0.1220703125, -0.18310546875, 0.44068359375000005, -0.047900390625000004, 9.2783056640625, 226.0, -91.0, -446.0]
206,33.92744064331055,1,0.21281072,[-0.3900146484375, -2.724609375, -49.5758056640625, 0.0, 0.0, 0.06103515625, 0.4263134765625, -0.052690429687500005, 9.2783056640625, 227.0, -91.0, -448.0]
207,32.24658966064453,1,0.21289262,[-0.3900146484375, -2.724609375, -49.5758056640625, 0.0, -0.06103515625, 0.06103515625, 0.44068359375000005, -0.0814306640625, 9.273515625, 227.0, -91.0, -449.0]
208,25.713443756103516,1,0.21303415,[-0.3900146484375, -2.724609375, -49.5758056640625, 0.0, 0.18310546875, 0.06103515625, 0.43110351562500004, -0.067060546875, 9.283095703125001, 228.0, -91.0, -448.0]
209,24.80459213256836,1,0.21299753,[-0.3900146484375, -2.724609375, -49.5758056640625, 0.0, 0.1220703125, 0.0, 0.45026367187500005, -0.0622705078125, 9.29267578125, 228.0, -91.0, -448.0]
210,31.47149085998535,1,0.21274385,[-0.3900146484375, -2.7191162109375, -49.5758056640625, 0.06103515625, 0.42724609375, 0.06103515625, 0.43110351562500004, -0.0622705078125, 9.2591455078125, 228.0, -92.0, -447.0]
211,31.79168701171875,1,0.21257958,[-0.3900146484375, -2.7191162109375, -49.5758056640625, -0.06103515625, -0.18310546875, 0.0, 0.4550537109375, -0.0431103515625, 9.3070458984375, 229.0, -91.0, -448.0]
212,35.584211349487305,1,0.21239421,[-0.3900146484375, -2.7191162109375, -49.5758056640625, 0.1220703125, -0.06103515625, 0.0, 0.45026367187500005, -0.05748046875, 9.2783056640625, 229.0, -91.0, -448.0]
213,31.570911407470703,1,0.21221066,[-0.3900146484375, -2.7191162109375, -49.5758056640625, -0.18310546875, 0.0, 0.0, 0.45984375, -0.0431103515625, 9.297465820312501, 229.0, -92.0, -447.0]
214,25.083303451538086,1,0.21221623,[-0.3900146484375, -2.7191162109375, -49.5758056640625, -0.06103515625, 0.244140625, 0.06103515625, 0.4550537109375, -0.052690429687500005, 9.283095703125001, 229.0, -91.0, -446.0]
215,22.181987762451172,1,0.21213001,[-0.384521484375, -2.7191162109375, -49.5758056640625, 0.244140625, 0.1220703125, 0.06103515625, 0.4646337890625, -0.05748046875, 9.283095703125001, 229.0, -92.0, -445.0]
216,21.279573440551758,1,0.2121436,[-0.3900146484375, -2.7191162109375, -49.5758056640625, -0.1220703125, 0.244140625, 0.06103515625, 0.45026367187500005, -0.0622705078125, 9.302255859375, 230.0, -92.0, -446.0]
217,33.814191818237305,1,0.21214977,[-0.3900146484375, -2.713623046875, -49.5758056640625, 0.0, 0.18310546875, -0.06103515625, 0.4454736328125, -0.0814306640625, 9.302255859375, 229.0, -92.0, -446.0]
218,40.87114334106445,1,0.21224406,[-0.3900146484375, -2.713623046875, -49.5758056640625, 0.1220703125, 0.06103515625, 0.0, 0.4550537109375, -0.0622705078125, 9.297465820312501, 229.0, -92.0, -445.0]
219,32.347679138183594,1,0.21234351,[-0.3900146484375, -2.713623046875, -49.5758056640625, 0.0, -0.42724609375, 0.0, 0.44068359375000005, -0.052690429687500005, 9.283095703125001, 229.0, -91.0, -446.0]
220,31.116008758544922,1,0.21264488,[-0.3900146484375, -2.7191162109375, -49.5758056640625, 0.0, 0.0, 0.06103515625, 0.4646337890625, -0.076640625, 9.268725585937501, 230.0, -92.0, -445.0]
221,32.71913528442383,1,0.21264657,[-0.3900146484375, -2.7191162109375, -49.5758056640625, 0.0, 0.06103515625, -0.06103515625, 0.4646337890625, -0.05748046875, 9.302255859375, 230.0, -92.0, -446.0]
222,25.439739227294922,1,0.21261433,[-0.3900146484375, -2.7191162109375, -49.5758056640625, 0.06103515625, -0.1220703125, 0.0, 0.44068359375000005, -0.086220703125, 9.273515625, 230.0, -93.0, -446.0]
223,22.30381965637207,1,0.21275434,[-0.3900146484375, -2.713623046875, -49.5703125, 0.0, 0.0, 0.0, 0.4550537109375, -0.05748046875, 9.283095703125001, 229.0, -93.0, -446.0]
224,23.090600967407227,1,0.21274868,[-0.3900146484375, -2.713623046875, -49.5703125, -0.18310546875, 0.1220703125, -0.1220703125, 0.4454736328125, -0.0718505859375, 9.273515625, 229.0, -93.0, -446.0]
225,31.00275993347168,1,0.21266413,[-0.3900146484375, -2.713623046875, -49.5703125, 0.0, -0.06103515625, 0.0, 0.4454736328125, -0.047900390625000004, 9.273515625, 228.0, -93.0, -446.0]
226,30.402183532714844,1,0.21284527,[-0.3900146484375, -2.7191162109375, -49.5648193359375, 0.1220703125, 0.0, 0.06103515625, 0.44068359375000005, -0.0718505859375, 9.273515625, 228.0, -92.0, -447.0]
227,30.47943115234375,1,0.2130417,[-0.3900146484375, -2.713623046875, -49.5648193359375, -0.06103515625, 0.1220703125, 0.0, 0.42152343750000004, -0.05748046875, 9.3070458984375, 228.0, -92.0, -446.0]
228,40.98224639892578,1,0.21298012,[-0.3900146484375, -2.713623046875, -49.5648193359375, 0.0, 0.0, 0.0, 0.4358935546875, -0.05748046875, 9.2783056640625, 228.0, -92.0, -446.0]
229,33.9815616607666,1,0.21264762,[-0.3900146484375, -2.713623046875, -49.5648193359375, 0.0, 0.0, 0.0, 0.45984375, -0.0622705078125, 9.2878857421875, 227.0, -92.0, -446.0]
230,26.139497756958008,1,0.21243471,[-0.3900146484375, -2.713623046875, -49.559326171875, 0.0, 0.0, 0.0, 0.45026367187500005, -0.05748046875, 9.3166259765625, 227.0, -93.0, -445.0]
231,29.710769653320312,1,0.21231326,[-0.3900146484375, -2.713623046875, -49.559326171875, 0.0, 0.0, 0.0, 0.4454736328125, -0.076640625, 9.2783056640625, 228.0, -93.0, -447.0]
232,37.38260269165039,1,0.21223459,[-0.3900146484375, -2.713623046875, -49.5538330078125, 0.0, 0.0, 0.0, 0.44068359375000005, -0.05748046875, 9.2591455078125, 227.0, -92.0, -446.0]
233,32.362937927246094,1,0.21220735,[-0.3900146484375, -2.713623046875, -49.5538330078125, 0.0, 0.0, 0.0, 0.4550537109375, -0.0718505859375, 9.263935546875, 227.0, -93.0, -446.0]
234,30.93743324279785,1,0.21232477,[-0.3900146484375, -2.713623046875, -49.5538330078125, 0.0, 0.0, 0.0, 0.4646337890625, -0.067060546875, 9.2878857421875, 227.0, -91.0, -446.0]
235,28.917312622070312,1,0.21235135,[-0.3900146484375, -2.713623046875, -49.5538330078125, 0.0, 0.0, 0.0, 0.44068359375000005, -0.047900390625000004, 9.268725585937501, 227.0, -92.0, -446.0]
236,27.202129364013672,1,0.21234158,[-0.3900146484375, -2.713623046875, -49.5538330078125, 0.0, 0.0, 0.0, 0.4454736328125, -0.05748046875, 9.2878857421875, 228.0, -91.0, -446.0]
237,22.836685180664062,1,0.21249583,[-0.3900146484375, -2.713623046875, -49.5538330078125, 0.0, 0.0, 0.0, 0.47900390625, -0.052690429687500005, 9.297465820312501, 228.0, -92.0, -445.0]
238,21.152019500732422,1,0.2124983,[-0.3900146484375, -2.713623046875, -49.5538330078125, 0.0, 0.0, 0.0, 0.45984375, -0.05748046875, 9.3118359375, 229.0, -93.0, -445.0]
239,31.932592391967773,1,0.21241269,[-0.3900146484375, -2.713623046875, -49.5538330078125, 0.0, 0.0, 0.0, 0.45984375, -0.052690429687500005, 9.263935546875, 227.0, -92.0, -446.0]
240,41.05544090270996,1,0.21247604,[-0.3900146484375, -2.713623046875, -49.54833984375, 0.0, 0.0, 0.0, 0.4358935546875, -0.05748046875, 9.2591455078125, 228.0, -92.0, -446.0]
241,38.767337799072266,1,0.2126646,[-0.3900146484375, -2.713623046875, -49.54833984375, 0.0, 0.0, 0.0, 0.4358935546875, -0.0622705078125, 9.302255859375, 229.0, -92.0, -448.0]
242,33.68353843688965,1,0.21274146,[-0.3900146484375, -2.713623046875, -49.54833984375, 0.0, 0.0, 0.0, 0.45984375, -0.0383203125, 9.273515625, 228.0, -92.0, -446.0]
243,27.222633361816406,1,0.21283808,[-0.3900146484375, -2.7191162109375, -49.54833984375, 0.0, 0.0, 0.0, 0.45026367187500005, -0.047900390625000004, 9.244775390625, 229.0, -92.0, -446.0]
244,24.963855743408203,1,0.21274152,[-0.3900146484375, -2.7191162109375, -49.54833984375, 0.0, 0.0, 0.0, 0.4646337890625, -0.0718505859375, 9.29267578125, 228.0, -91.0, -447.0]
245,37.53471374511719,1,0.21280459,[-0.3900146484375, -2.7191162109375, -49.54833984375, 0.0, 0.0, 0.0, 0.45984375, -0.0335302734375, 9.268725585937501, 227.0, -92.0, -447.0]
246,36.34381294250488,1,0.21265447,[-0.3900146484375, -2.7191162109375, -49.54833984375, 0.0, 0.0, 0.0, 0.4742138671875, -0.067060546875, 9.297465820312501, 227.0, -92.0, -448.0]
247,42.41776466369629,1,0.21249843,[-0.3900146484375, -2.7191162109375, -49.54833984375, 0.0, 0.0, 0.0, 0.4263134765625, -0.067060546875, 9.302255859375, 226.0, -91.0, -448.0]
248,32.926321029663086,1,0.21246946,[-0.3900146484375, -2.7191162109375, -49.54833984375, 0.0, 0.0, 0.0, 0.45984375, -0.0622705078125, 9.2783056640625, 226.0, -91.0, -447.0]
249,27.93574333190918,1,0.21240312,[-0.3900146484375, -2.7191162109375, -49.54833984375, 0.0, 0.0, 0.0, 0.45984375, -0.076640625, 9.29267578125, 226.0, -91.0, -448.0]
250,27.607440948486328,1,0.21240574,[-0.3900146484375, -2.7191162109375, -49.54833984375, 0.0, 0.0, 0.0, 0.4550537109375, -0.067060546875, 9.283095703125001, 226.0, -91.0, -447.0]
251,26.028156280517578,1,0.21257311,[-0.3900146484375, -2.7191162109375, -49.54833984375, 0.0, 0.0, 0.0, 0.45026367187500005, -0.067060546875, 9.29267578125, 227.0, -91.0, -448.0]
252,33.95724296569824,1,0.21257722,[-0.3900146484375, -2.7191162109375, -49.5428466796875, 0.0, 0.0, 0.0, 0.45026367187500005, -0.0718505859375, 9.29267578125, 227.0, -92.0, -447.0]
253,38.98882865905762,1,0.2124803,[-0.3900146484375, -2.7191162109375, -49.5428466796875, 0.0, 0.0, 0.0, 0.43110351562500004, -0.0718505859375, 9.2591455078125, 228.0, -92.0, -448.0]
254,38.752079010009766,1,0.21233901,[-0.3900146484375, -2.7191162109375, -49.5428466796875, 0.0, 0.0, 0.0, 0.45984375, -0.0814306640625, 9.263935546875, 228.0, -92.0, -449.0]
255,32.660484313964844,1,0.21236077,[-0.3900146484375, -2.7191162109375, -49.5428466796875, 0.0, 0.0, 0.0, 0.44068359375000005, -0.076640625, 9.2495654296875, 228.0, -93.0, -448.0]
256,23.728370666503906,1,0.21241286,[-0.3900146484375, -2.7191162109375, -49.5428466796875, 0.0, 0.0, 0.0, 0.4550537109375, -0.0622705078125, 9.254355468750001, 228.0, -93.0, -449.0]
257,21.258115768432617,1,0.21254578,[-0.3900146484375, -2.7191162109375, -49.537353515625, 0.0, 0.0, 0.0, 0.4263134765625, -0.047900390625000004, 9.29267578125, 228.0, -92.0, -447.0]
258,19.879817962646484,1,0.21239293,[-0.3900146484375, -2.7191162109375, -49.537353515625, 0.0, 0.0, 0.0, 0.45984375, -0.076640625, 9.29267578125, 229.0, -92.0, -448.0]
259,19.756078720092773,1,0.21233532,[-0.3900146484375, -2.7191162109375, -49.537353515625, 0.0, 0.0, 0.0, 0.4454736328125, -0.0383203125, 9.2878857421875, 228.0, -91.0, -448.0]
260,27.60171890258789,1,0.21212801,[-0.3900146484375, -2.7191162109375, -49.537353515625, 0.0, 0.0, 0.0, 0.4454736328125, -0.052690429687500005, 9.2783056640625, 229.0, -92.0, -448.0]
261,34.80243682861328,1,0.2119995,[-0.3900146484375, -2.724609375, -49.5428466796875, 0.0, 0.0, 0.0, 0.469423828125, -0.09101074218750001, 9.3118359375, 229.0, -91.0, -449.0]
262,35.72368621826172,1,0.21194279,[-0.3900146484375, -2.724609375, -49.5428466796875, 0.0, 0.0, 0.0, 0.4454736328125, -0.0622705078125, 9.2878857421875, 229.0, -90.0, -448.0]
263,32.61089324951172,1,0.21190363,[-0.3900146484375, -2.724609375, -49.5428466796875, 0.0, 0.0, 0.0, 0.4454736328125, -0.0622705078125, 9.3070458984375, 229.0, -91.0, -448.0]
264,27.620315551757812,1,0.21189037,[-0.3900146484375, -2.724609375, -49.5428466796875, 0.0, 0.0, 0.0, 0.45026367187500005, -0.047900390625000004, 9.268725585937501, 229.0, -91.0, -448.0]
265,27.56786346435547,1,0.21200359,[-0.3900146484375, -2.724609375, -49.5428466796875, 0.0, 0.0, 0.0, 0.4646337890625, -0.0622705078125, 9.273515625, 229.0, -92.0, -447.0]
266,22.53890037536621,1,0.21219948,[-0.3900146484375, -2.724609375, -49.5428466796875, 0.0, 0.0, 0.0, 0.45026367187500005, -0.0814306640625, 9.283095703125001, 229.0, -92.0, -448.0]
267,20.36571502685547,1,0.21231943,[-0.3900146484375, -2.724609375, -49.5428466796875, 0.0, 0.0, 0.0, 0.4263134765625, -0.05748046875, 9.3070458984375, 229.0, -92.0, -447.0]
268,27.69184112548828,1,0.21236062,[-0.3900146484375, -2.724609375, -49.5428466796875, 0.0, 0.0, 0.0, 0.45984375, -0.047900390625000004, 9.302255859375, 229.0, -91.0, -447.0]
269,34.67249870300293,1,0.21239883,[-0.3900146484375, -2.724609375, -49.5428466796875, 0.0, 0.0, 0.0, 0.4358935546875, -0.047900390625000004, 9.2783056640625, 229.0, -91.0, -447.0]
270,35.332679748535156,1,0.2124995,[-0.3900146484375, -2.724609375, -49.54833984375, 0.0, 0.0, 0.0, 0.4263134765625, -0.0622705078125, 9.273515625, 229.0, -92.0, -446.0]
271,30.017852783203125,1,0.21251526,[-0.3900146484375, -2.724609375, -49.54833984375, 0.0, 0.0, 0.0, 0.45026367187500005, -0.052690429687500005, 9.29267578125, 229.0, -91.0, -446.0]
272,26.34596824645996,1,0.21239698,[-0.3900146484375, -2.724609375, -49.54833984375, 0.0, 0.0, 0.0, 0.4454736328125, -0.05748046875, 9.2878857421875, 229.0, -91.0, -446.0]
273,22.737503051757812,1,0.2124232,[-0.3900146484375, -2.724609375, -49.54833984375, 0.0, 0.0, 0.0, 0.469423828125, -0.047900390625000004, 9.2878857421875, 229.0, -91.0, -446.0]
274,20.3549861907959,1,0.21239069,[-0.3900146484375, -2.724609375, -49.54833984375, 0.0, 0.0, 0.0, 0.4358935546875, -0.076640625, 9.273515625, 228.0, -91.0, -447.0]
275,26.389360427856445,1,0.21236801,[-0.3900146484375, -2.724609375, -49.54833984375, 0.0, 0.0, 0.0, 0.45026367187500005, -0.052690429687500005, 9.263935546875, 228.0, -92.0, -446.0]
276,34.01756286621094,1,0.21248555,[-0.3900146484375, -2.724609375, -49.54833984375, 0.0, 0.0, 0.0, 0.4646337890625, -0.0622705078125, 9.273515625, 229.0, -91.0, -446.0]
277,34.05499458312988,1,0.21271104,[-0.3900146484375, -2.724609375, -49.54833984375, 0.0, 0.0, 0.0, 0.4454736328125, -0.05748046875, 9.283095703125001, 228.0, -92.0, -445.0]
278,30.51614761352539,1,0.2127254,[-0.3900146484375, -2.724609375, -49.54833984375, 0.0, 0.0, 0.0, 0.4550537109375, -0.0622705078125, 9.3118359375, 229.0, -92.0, -446.0]
279,31.7690372467041,1,0.21283689,[-0.3900146484375, -2.724609375, -49.54833984375, 0.0, 0.0, 0.0, 0.45984375, -0.052690429687500005, 9.283095703125001, 229.0, -93.0, -445.0]
280,29.282093048095703,1,0.21301112,[-0.3900146484375, -2.724609375, -49.5428466796875, 0.0, 0.0, 0.0, 0.45026367187500005, -0.05748046875, 9.283095703125001, 229.0, -94.0, -443.0]
281,23.243188858032227,1,0.21298683,[-0.3900146484375, -2.724609375, -49.5428466796875, 0.0, 0.0, 0.0, 0.4742138671875, -0.052690429687500005, 9.29267578125, 228.0, -92.0, -444.0]
282,21.05569839477539,1,0.2129431,[-0.3900146484375, -2.724609375, -49.5428466796875, 0.0, 0.0, 0.0, 0.45026367187500005, -0.086220703125, 9.2878857421875, 228.0, -92.0, -444.0]
283,32.31000900268555,1,0.2128304,[-0.3900146484375, -2.724609375, -49.5428466796875, 0.0, 0.0, 0.0, 0.4646337890625, -0.047900390625000004, 9.268725585937501, 229.0, -92.0, -445.0]
284,33.09893608093262,1,0.21291384,[-0.384521484375, -2.7301025390625, -49.5428466796875, 0.0, -0.18310546875, 0.1220703125, 0.469423828125, -0.05748046875, 9.3118359375, 229.0, -92.0, -445.0]
285,33.45918655395508,1,0.21298817,[-0.384521484375, -2.7301025390625, -49.5428466796875, 0.06103515625, -0.18310546875, 0.1220703125, 0.469423828125, -0.0431103515625, 9.2783056640625, 229.0, -92.0, -445.0]
286,34.69228744506836,1,0.21287072,[-0.384521484375, -2.735595703125, -49.5428466796875, 0.06103515625, -0.3662109375, 0.1220703125, 0.4454736328125, -0.0718505859375, 9.283095703125001, 228.0, -91.0, -445.0]
287,32.11021423339844,1,0.21287838,[-0.384521484375, -2.735595703125, -49.5428466796875, 0.06103515625, -0.1220703125, 0.1220703125, 0.44068359375000005, -0.047900390625000004, 9.273515625, 228.0, -91.0, -444.0]
288,25.596141815185547,1,0.21294951,[-0.384521484375, -2.735595703125, -49.5428466796875, -0.06103515625, 0.0, -0.06103515625, 0.45984375, -0.0383203125, 9.268725585937501, 229.0, -91.0, -445.0]
289,26.11565589904785,1,0.21311134,[-0.384521484375, -2.735595703125, -49.54833984375, 0.06103515625, 0.0, 0.0, 0.4550537109375, -0.076640625, 9.263935546875, 229.0, -91.0, -445.0]
290,33.30731391906738,1,0.21331772,[-0.384521484375, -2.735595703125, -49.54833984375, 0.0, 0.0, 0.0, 0.4358935546875, -0.05748046875, 9.273515625, 229.0, -92.0, -444.0]
291,34.027814865112305,1,0.21331224,[-0.384521484375, -2.735595703125, -49.54833984375, 0.1220703125, 0.0, -0.1220703125, 0.4263134765625, -0.05748046875, 9.283095703125001, 229.0, -91.0, -445.0]
292,32.048940658569336,1,0.21339205,[-0.384521484375, -2.735595703125, -49.54833984375, 0.0, -0.06103515625, 0.06103515625, 0.44068359375000005, -0.052690429687500005, 9.297465820312501, 229.0, -91.0, -445.0]
293,29.7544002532959,1,0.21349132,[-0.384521484375, -2.735595703125, -49.54833984375, 0.0, -0.3662109375, -0.06103515625, 0.4454736328125, -0.0622705078125, 9.2591455078125, 228.0, -92.0, -445.0]
294,23.860931396484375,1,0.21355623,[-0.384521484375, -2.735595703125, -49.54833984375, 0.0, 0.30517578125, 0.06103515625, 0.45984375, -0.052690429687500005, 9.2878857421875, 228.0, -91.0, -445.0]
295,21.37589454650879,1,0.21352157,[-0.384521484375, -2.735595703125, -49.54833984375, 0.0, -0.06103515625, 0.06103515625, 0.4646337890625, -0.0622705078125, 9.2495654296875, 228.0, -92.0, -445.0]
296,20.020008087158203,1,0.21336204,[-0.384521484375, -2.735595703125, -49.54833984375, 0.0, 0.1220703125, 0.0, 0.4454736328125, -0.0431103515625, 9.273515625, 227.0, -91.0, -445.0]
297,27.14848518371582,1,0.2132189,[-0.384521484375, -2.735595703125, -49.54833984375, 0.0, 0.0, 0.18310546875, 0.4646337890625, -0.047900390625000004, 9.2878857421875, 227.0, -91.0, -445.0]
298,36.01884841918945,1,0.21318248,[-0.384521484375, -2.735595703125, -49.54833984375, -0.06103515625, 0.0, 0.1220703125, 0.45026367187500005, -0.047900390625000004, 9.263935546875, 228.0, -92.0, -444.0]
299,32.10783004760742,1,0.2130889,[-0.384521484375, -2.735595703125, -49.54833984375, 0.0, -0.06103515625, 0.0, 0.4454736328125, -0.05748046875, 9.2878857421875, 229.0, -92.0, -445.0]
300,33.32686424255371,1,0.21315941,[-0.384521484375, -2.735595703125, -49.54833984375, 0.0, -0.06103515625, 0.0, 0.4646337890625, -0.0622705078125, 9.273515625, 229.0, -92.0, -445.0]
301,29.000282287597656,1,0.21318421,[-0.384521484375, -2.7410888671875, -49.54833984375, 0.0, 0.244140625, 0.0, 0.4454736328125, -0.067060546875, 9.2878857421875, 229.0, -91.0, -445.0]
302,25.726795196533203,1,0.21312732,[-0.384521484375, -2.7410888671875, -49.54833984375, 0.0, 0.0, 0.0, 0.469423828125, -0.0718505859375, 9.2783056640625, 229.0, -90.0, -444.0]
303,25.20895004272461,1,0.21301594,[-0.384521484375, -2.7410888671875, -49.54833984375, 0.1220703125, -0.18310546875, 0.1220703125, 0.4358935546875, -0.0622705078125, 9.268725585937501, 228.0, -91.0, -444.0]
304,21.93284034729004,1,0.21311307,[-0.384521484375, -2.7410888671875, -49.5538330078125, 0.0, -0.1220703125, 0.0, 0.469423828125, -0.0718505859375, 9.3070458984375, 228.0, -90.0, -445.0]
305,32.27710723876953,1,0.21313539,[-0.384521484375, -2.7410888671875, -49.5538330078125, 0.0, 0.06103515625, 0.0, 0.45984375, -0.0718505859375, 9.297465820312501, 229.0, -91.0, -444.0]
306,32.665252685546875,1,0.21319279,[-0.384521484375, -2.7410888671875, -49.5538330078125, -0.1220703125, 0.0, 0.0, 0.4646337890625, -0.052690429687500005, 9.283095703125001, 228.0, -91.0, -446.0]
307,32.691240310668945,1,0.21321109,[-0.384521484375, -2.7410888671875, -49.5538330078125, -0.1220703125, 0.06103515625, 0.06103515625, 0.4550537109375, -0.076640625, 9.321416015625001, 229.0, -92.0, -445.0]
308,29.45399284362793,1,0.21328247,[-0.384521484375, -2.7410888671875, -49.5538330078125, 0.06103515625, 0.3662109375, 0.06103515625, 0.45984375, -0.052690429687500005, 9.273515625, 229.0, -92.0, -445.0]
309,26.09109878540039,1,0.21342194,[-0.384521484375, -2.7410888671875, -49.5538330078125, 0.0, -0.06103515625, 0.0, 0.4454736328125, -0.05748046875, 9.297465820312501, 229.0, -91.0, -446.0]
310,22.425413131713867,1,0.21353477,[-0.384521484375, -2.7410888671875, -49.54833984375, 0.06103515625, 0.0, 0.06103515625, 0.44068359375000005, -0.067060546875, 9.254355468750001, 229.0, -93.0, -446.0]
311,20.717620849609375,1,0.21373686,[-0.384521484375, -2.74658203125, -49.54833984375, 0.06103515625, -0.1220703125, 0.0, 0.4454736328125, -0.086220703125, 9.283095703125001, 229.0, -92.0, -448.0]
312,30.562162399291992,1,0.21352363,[-0.384521484375, -2.74658203125, -49.54833984375, 0.0, -0.06103515625, 0.0, 0.4454736328125, -0.0718505859375, 9.297465820312501, 229.0, -93.0, -446.0]
313,33.548593521118164,1,0.21327311,[-0.384521484375, -2.74658203125, -49.54833984375, -0.18310546875, -0.3662109375, -0.06103515625, 0.45984375, -0.086220703125, 9.283095703125001, 229.0, -92.0, -447.0]
314,34.73401069641113,1,0.21294829,[-0.384521484375, -2.74658203125, -49.5428466796875, 0.06103515625, 0.18310546875, 0.06103515625, 0.4454736328125, -0.0814306640625, 9.2878857421875, 229.0, -93.0, -446.0]
315,33.228397369384766,1,0.21270409,[-0.384521484375, -2.74658203125, -49.5428466796875, 0.0, -0.18310546875, 0.06103515625, 0.4263134765625, -0.0622705078125, 9.283095703125001, 229.0, -93.0, -444.0]
316,26.272058486938477,1,0.21250576,[-0.384521484375, -2.74658203125, -49.5428466796875, 0.0, 0.0, 0.06103515625, 0.45026367187500005, -0.0622705078125, 9.2783056640625, 229.0, -92.0, -446.0]
317,23.806095123291016,1,0.21247888,[-0.384521484375, -2.74658203125, -49.5428466796875, 0.18310546875, 0.0, 0.1220703125, 0.45026367187500005, -0.05748046875, 9.273515625, 229.0, -92.0, -446.0]
318,21.058320999145508,1,0.21248677,[-0.384521484375, -2.74658203125, -49.537353515625, 0.0, 0.0, 0.06103515625, 0.43110351562500004, -0.0622705078125, 9.273515625, 229.0, -92.0, -446.0]
319,30.39097785949707,1,0.21235916,[-0.384521484375, -2.74658203125, -49.537353515625, 0.18310546875, -0.244140625, 0.0, 0.43110351562500004, -0.0431103515625, 9.29267578125, 229.0, -92.0, -445.0]
320,33.403873443603516,1,0.21241131,[-0.384521484375, -2.7520751953125, -49.537353515625, 0.06103515625, -0.06103515625, 0.1220703125, 0.4550537109375, -0.0622705078125, 9.2878857421875, 228.0, -92.0, -446.0]
321,31.95667266845703,1,0.21245399,[-0.384521484375, -2.7520751953125, -49.537353515625, 0.0, -0.18310546875, 0.06103515625, 0.45026367187500005, -0.052690429687500005, 9.29267578125, 229.0, -91.0, -447.0]
322,29.650449752807617,1,0.21253401,[-0.384521484375, -2.7520751953125, -49.537353515625, 0.06103515625, 0.244140625, 0.1220703125, 0.47900390625, -0.0622705078125, 9.29267578125, 229.0, -91.0, -446.0]
323,32.057762145996094,1,0.21242917,[-0.384521484375, -2.7520751953125, -49.5428466796875, 0.0, -0.06103515625, -0.1220703125, 0.4263134765625, -0.0622705078125, 9.3166259765625, 230.0, -92.0, -446.0]
324,27.623653411865234,1,0.212634,[-0.384521484375, -2.7520751953125, -49.537353515625, -0.06103515625, -0.06103515625, 0.0, 0.45984375, -0.0622705078125, 9.2783056640625, 228.0, -92.0, -446.0]
325,29.24942970275879,1,0.21263379,[-0.384521484375, -2.7520751953125, -49.537353515625, -0.06103515625, 0.0, 0.06103515625, 0.45026367187500005, -0.052690429687500005, 9.29267578125, 228.0, -92.0, -446.0]
326,35.20011901855469,1,0.21266162,[-0.384521484375, -2.7520751953125, -49.537353515625, 0.0, 0.0, 0.0, 0.45984375, -0.0622705078125, 9.2878857421875, 228.0, -92.0, -446.0]
327,31.750202178955078,1,0.21270794,[-0.384521484375, -2.7520751953125, -49.537353515625, 0.06103515625, -0.1220703125, 0.0, 0.45984375, -0.086220703125, 9.273515625, 228.0, -93.0, -444.0]
328,30.312061309814453,1,0.21283445,[-0.384521484375, -2.7520751953125, -49.5318603515625, 0.0, 0.06103515625, 0.06103515625, 0.4550537109375, -0.076640625, 9.302255859375, 228.0, -93.0, -444.0]
329,32.088279724121094,1,0.21274748,[-0.384521484375, -2.7520751953125, -49.5318603515625, -0.1220703125, 0.0, -0.06103515625, 0.4550537109375, -0.0718505859375, 9.2783056640625, 228.0, -92.0, -444.0]
330,32.54866600036621,1,0.21272936,[-0.384521484375, -2.7520751953125, -49.5318603515625, 0.0, 0.1220703125, 0.0, 0.4550537109375, -0.047900390625000004, 9.268725585937501, 228.0, -93.0, -446.0]
331,29.74724769592285,1,0.21261469,[-0.384521484375, -2.7520751953125, -49.5318603515625, 0.0, -0.3662109375, -0.06103515625, 0.4646337890625, -0.067060546875, 9.2878857421875, 227.0, -91.0, -447.0]
332,28.052091598510742,1,0.21256787,[-0.384521484375, -2.7520751953125, -49.5318603515625, 0.3662109375, 0.06103515625, 0.1220703125, 0.45026367187500005, -0.052690429687500005, 9.3118359375, 228.0, -92.0, -446.0]
333,32.071590423583984,1,0.21264458,[-0.384521484375, -2.757568359375, -49.5263671875, -0.06103515625, -0.18310546875, -0.06103515625, 0.4646337890625, -0.0622705078125, 9.2878857421875, 228.0, -93.0, -447.0]
334,31.57186508178711,1,0.21266207,[-0.384521484375, -2.757568359375, -49.5263671875, -0.06103515625, -0.30517578125, -0.06103515625, 0.4358935546875, -0.0718505859375, 9.273515625, 227.0, -92.0, -447.0]
335,30.504703521728516,1,0.21273041,[-0.384521484375, -2.757568359375, -49.5263671875, 0.0, -0.06103515625, 0.0, 0.43110351562500004, -0.0718505859375, 9.283095703125001, 228.0, -92.0, -446.0]
336,31.998872756958008,1,0.2127122,[-0.384521484375, -2.757568359375, -49.5263671875, -0.06103515625, -0.1220703125, -0.06103515625, 0.45984375, -0.0622705078125, 9.297465820312501, 228.0, -91.0, -447.0]
337,27.512073516845703,1,0.2125814,[-0.384521484375, -2.7630615234375, -49.5263671875, 0.06103515625, -0.1220703125, 0.1220703125, 0.45984375, -0.047900390625000004, 9.273515625, 228.0, -92.0, -446.0]
338,25.23064613342285,1,0.21260843,[-0.384521484375, -2.7630615234375, -49.5263671875, 0.0, 0.0, 0.0, 0.4454736328125, -0.067060546875, 9.283095703125001, 227.0, -92.0, -446.0]
339,23.49233627319336,1,0.21251425,[-0.3790283203125, -2.757568359375, -49.5208740234375, 0.1220703125, -0.06103515625, 0.06103515625, 0.4742138671875, -0.067060546875, 9.2878857421875, 228.0, -93.0, -445.0]
340,33.789634704589844,1,0.21268398,[-0.3790283203125, -2.757568359375, -49.5208740234375, 0.18310546875, -0.06103515625, 0.1220703125, 0.45984375, -0.052690429687500005, 9.254355468750001, 228.0, -93.0, -446.0]
341,32.20796585083008,1,0.21244782,[-0.3790283203125, -2.7630615234375, -49.5208740234375, -0.06103515625, 0.06103515625, 0.0, 0.44068359375000005, -0.052690429687500005, 9.302255859375, 229.0, -92.0, -446.0]
342,31.763792037963867,1,0.21245345,[-0.3790283203125, -2.757568359375, -49.5208740234375, -0.06103515625, 0.06103515625, -0.06103515625, 0.4646337890625, -0.052690429687500005, 9.2783056640625, 228.0, -92.0, -445.0]
343,35.89773178100586,1,0.21256226,[-0.3790283203125, -2.7630615234375, -49.5208740234375, 0.0, -0.1220703125, 0.06103515625, 0.4454736328125, -0.052690429687500005, 9.283095703125001, 229.0, -92.0, -446.0]
344,30.571699142456055,1,0.2125948,[-0.3790283203125, -2.757568359375, -49.515380859375, -0.18310546875, 0.0, 0.0, 0.4550537109375, -0.047900390625000004, 9.2783056640625, 229.0, -93.0, -446.0]
345,30.927419662475586,1,0.21264288,[-0.3790283203125, -2.7630615234375, -49.515380859375, 0.0, -0.1220703125, 0.0, 0.4550537109375, -0.052690429687500005, 9.2591455078125, 229.0, -93.0, -446.0]
346,29.393434524536133,1,0.21256351,[-0.3790283203125, -2.7630615234375, -49.515380859375, 0.0, -0.06103515625, 0.0, 0.44068359375000005, -0.0431103515625, 9.3070458984375, 229.0, -92.0, -447.0]
347,34.32130813598633,1,0.21246997,[-0.3790283203125, -2.7630615234375, -49.515380859375, 0.06103515625, -0.18310546875, 0.06103515625, 0.45026367187500005, -0.076640625, 9.254355468750001, 228.0, -92.0, -445.0]
348,35.53628921508789,1,0.21247607,[-0.3790283203125, -2.7630615234375, -49.515380859375, 0.0, 0.0, 0.244140625, 0.45026367187500005, -0.0622705078125, 9.2878857421875, 228.0, -93.0, -446.0]
349,32.00030326843262,1,0.21239826,[-0.3790283203125, -2.7630615234375, -49.515380859375, 0.0, -0.06103515625, 0.0, 0.4454736328125, -0.0814306640625, 9.273515625, 229.0, -91.0, -445.0]
350,40.02714157104492,1,0.21238393,[-0.3790283203125, -2.7685546875, -49.515380859375, -0.06103515625, -0.06103515625, -0.06103515625, 0.44068359375000005, -0.052690429687500005, 9.273515625, 229.0, -92.0, -445.0]
351,27.660846710205078,1,0.21244752,[-0.3790283203125, -2.7685546875, -49.515380859375, 0.0, -0.244140625, 0.1220703125, 0.4454736328125, -0.0431103515625, 9.263935546875, 229.0, -91.0, -446.0]
352,27.22620964050293,1,0.21237937,[-0.384521484375, -2.7630615234375, -49.515380859375, -0.06103515625, 0.06103515625, 0.0, 0.4646337890625, -0.086220703125, 9.283095703125001, 229.0, -92.0, -446.0]
353,30.4257869720459,1,0.21236217,[-0.384521484375, -2.7630615234375, -49.515380859375, 0.0, -0.06103515625, 0.0, 0.4454736328125, -0.047900390625000004, 9.2878857421875, 229.0, -91.0, -446.0]
354,34.88302230834961,1,0.21251318,[-0.384521484375, -2.7630615234375, -49.515380859375, -0.06103515625, 0.06103515625, 0.0, 0.4646337890625, -0.05748046875, 9.273515625, 229.0, -91.0, -445.0]
355,42.8924560546875,1,0.21261042,[-0.384521484375, -2.7630615234375, -49.515380859375, 0.0, 0.244140625, 0.1220703125, 0.4550537109375, -0.067060546875, 9.2783056640625, 229.0, -92.0, -444.0]
356,35.92348098754883,1,0.21280366,[-0.384521484375, -2.7630615234375, -49.515380859375, 0.0, 0.06103515625, 0.0, 0.4646337890625, -0.067060546875, 9.2783056640625, 228.0, -91.0, -444.0]
357,49.62420463562012,1,0.21271828,[-0.384521484375, -2.7630615234375, -49.515380859375, 0.0, -0.06103515625, 0.0, 0.45984375, -0.076640625, 9.297465820312501, 228.0, -92.0, -444.0]
358,55.03106117248535,1,0.2130166,[-0.384521484375, -2.7630615234375, -49.515380859375, 0.244140625, -0.1220703125, 0.1220703125, 0.4454736328125, -0.076640625, 9.302255859375, 228.0, -93.0, -444.0]
359,36.74173355102539,1,0.21293929,[-0.384521484375, -2.7630615234375, -49.5098876953125, -0.06103515625, -0.1220703125, 0.0, 0.4454736328125, -0.0431103515625, 9.29267578125, 228.0, -92.0, -445.0]
360,30.871152877807617,1,0.21302873,[-0.384521484375, -2.7630615234375, -49.5098876953125, 0.06103515625, 0.0, 0.0, 0.4550537109375, -0.05748046875, 9.2878857421875, 228.0, -92.0, -445.0]
361,31.566143035888672,1,0.2129243,[-0.384521484375, -2.7630615234375, -49.5098876953125, 0.06103515625, 0.0, 0.1220703125, 0.4646337890625, -0.067060546875, 9.29267578125, 228.0, -91.0, -446.0]
362,31.008243560791016,1,0.21305695,[-0.384521484375, -2.7630615234375, -49.5098876953125, 0.06103515625, 0.0, 0.06103515625, 0.4742138671875, -0.0718505859375, 9.302255859375, 228.0, -91.0, -446.0]
363,42.02556610107422,1,0.2130833,[-0.384521484375, -2.7630615234375, -49.5098876953125, 0.06103515625, -0.244140625, 0.06103515625, 0.44068359375000005, -0.0814306640625, 9.2783056640625, 228.0, -91.0, -446.0]
364,51.558494567871094,1,0.21302643,[-0.384521484375, -2.7630615234375, -49.515380859375, 0.0, 0.06103515625, 0.0, 0.4550537109375, -0.0718505859375, 9.297465820312501, 228.0, -90.0, -446.0]
365,34.157752990722656,1,0.21308786,[-0.384521484375, -2.7630615234375, -49.515380859375, 0.0, -0.30517578125, 0.0, 0.45984375, -0.0383203125, 9.2783056640625, 229.0, -91.0, -447.0]
366,32.037973403930664,1,0.21291679,[-0.384521484375, -2.7630615234375, -49.515380859375, 0.0, -0.1220703125, 0.0, 0.4550537109375, -0.052690429687500005, 9.2878857421875, 229.0, -90.0, -448.0]
367,30.92050552368164,1,0.21284872,[-0.384521484375, -2.7630615234375, -49.515380859375, 0.0, 0.06103515625, 0.0, 0.4550537109375, -0.076640625, 9.268725585937501, 229.0, -92.0, -446.0]
368,31.642913818359375,1,0.2128785,[-0.384521484375, -2.7630615234375, -49.515380859375, 0.1220703125, -0.244140625, 0.0, 0.4358935546875, -0.05748046875, 9.268725585937501, 229.0, -92.0, -447.0]
369,25.96879005432129,1,0.21296427,[-0.384521484375, -2.7630615234375, -49.515380859375, 0.0, -0.06103515625, 0.0, 0.4550537109375, -0.076640625, 9.2783056640625, 229.0, -92.0, -447.0]
370,28.9459228515625,1,0.21305922,[-0.384521484375, -2.7685546875, -49.515380859375, 0.0, -0.1220703125, 0.0, 0.44068359375000005, -0.086220703125, 9.2783056640625, 229.0, -91.0, -447.0]
371,38.3603572845459,1,0.21304175,[-0.384521484375, -2.7685546875, -49.515380859375, 0.0, 0.0, 0.0, 0.44068359375000005, -0.0718505859375, 9.2878857421875, 229.0, -91.0, -447.0]
372,31.08668327331543,1,0.21301726,[-0.384521484375, -2.7630615234375, -49.515380859375, -0.06103515625, 0.1220703125, 0.06103515625, 0.4646337890625, -0.0622705078125, 9.29267578125, 228.0, -91.0, -446.0]
373,45.46976089477539,1,0.21289256,[-0.384521484375, -2.7630615234375, -49.5208740234375, 0.0, 0.0, -0.06103515625, 0.45026367187500005, -0.09101074218750001, 9.297465820312501, 229.0, -91.0, -447.0]
374,37.305355072021484,1,0.21277219,[-0.384521484375, -2.7630615234375, -49.5208740234375, -0.06103515625, 0.18310546875, 0.0, 0.45026367187500005, -0.047900390625000004, 9.263935546875, 229.0, -91.0, -447.0]
375,38.33770751953125,1,0.21261784,[-0.384521484375, -2.7630615234375, -49.5208740234375, 0.0, 0.06103515625, 0.06103515625, 0.4358935546875, -0.052690429687500005, 9.2878857421875, 228.0, -92.0, -446.0]
376,30.813932418823242,1,0.2124852,[-0.384521484375, -2.7630615234375, -49.5208740234375, -0.1220703125, -0.3662109375, 0.0, 0.45026367187500005, -0.0718505859375, 9.273515625, 229.0, -91.0, -447.0]
377,29.781341552734375,1,0.2125569,[-0.384521484375, -2.7685546875, -49.5208740234375, 0.06103515625, -0.1220703125, 0.06103515625, 0.4550537109375, -0.067060546875, 9.283095703125001, 229.0, -92.0, -446.0]
378,43.7769889831543,1,0.21256828,[-0.384521484375, -2.7630615234375, -49.5208740234375, 0.0, 0.1220703125, 0.0, 0.4550537109375, -0.05748046875, 9.3070458984375, 229.0, -92.0, -447.0]
379,42.160749435424805,1,0.21260795,[-0.384521484375, -2.7685546875, -49.5208740234375, 0.1220703125, -0.30517578125, 0.0, 0.4550537109375, -0.05748046875, 9.268725585937501, 228.0, -91.0, -447.0]
380,37.35494613647461,1,0.21253508,[-0.384521484375, -2.7685546875, -49.5208740234375, 0.0, -0.06103515625, 0.0, 0.43110351562500004, -0.052690429687500005, 9.273515625, 229.0, -91.0, -447.0]
381,33.40864181518555,1,0.21250096,[-0.384521484375, -2.7685546875, -49.5208740234375, 0.06103515625, 0.18310546875, 0.0, 0.4550537109375, -0.0622705078125, 9.263935546875, 229.0, -91.0, -447.0]
382,32.03725814819336,1,0.21246138,[-0.384521484375, -2.7685546875, -49.5208740234375, 0.0, 0.0, 0.0, 0.44068359375000005, -0.05748046875, 9.297465820312501, 229.0, -92.0, -446.0]
383,31.190156936645508,1,0.21244037,[-0.384521484375, -2.7685546875, -49.5208740234375, 0.0, 0.0, 0.0, 0.44068359375000005, -0.05748046875, 9.273515625, 229.0, -93.0, -447.0]
384,37.229299545288086,1,0.21255258,[-0.384521484375, -2.7685546875, -49.5208740234375, 0.0, 0.06103515625, 0.0, 0.44068359375000005, -0.076640625, 9.273515625, 229.0, -91.0, -446.0]
385,41.1984920501709,1,0.21270111,[-0.384521484375, -2.7685546875, -49.5208740234375, 0.06103515625, -0.18310546875, 0.1220703125, 0.4550537109375, -0.05748046875, 9.3166259765625, 229.0, -92.0, -446.0]
386,33.150434494018555,1,0.21248323,[-0.384521484375, -2.7685546875, -49.5208740234375, -0.1220703125, -0.244140625, 0.0, 0.4550537109375, -0.067060546875, 9.2351953125, 229.0, -91.0, -446.0]
387,31.561851501464844,1,0.21245721,[-0.384521484375, -2.7685546875, -49.5208740234375, 0.0, 0.0, 0.0, 0.45026367187500005, -0.052690429687500005, 9.3070458984375, 229.0, -92.0, -445.0]
388,41.51177406311035,1,0.21260247,[-0.384521484375, -2.7685546875, -49.5208740234375, -0.06103515625, -0.1220703125, 0.06103515625, 0.45984375, -0.047900390625000004, 9.2783056640625, 229.0, -91.0, -446.0]
389,37.18900680541992,1,0.21239421,[-0.384521484375, -2.7685546875, -49.5208740234375, 0.06103515625, -0.06103515625, 0.1220703125, 0.4454736328125, -0.067060546875, 9.2783056640625, 229.0, -91.0, -446.0]
390,32.82284736633301,1,0.2123777,[-0.384521484375, -2.7685546875, -49.5208740234375, 0.0, -0.06103515625, -0.06103515625, 0.4550537109375, -0.067060546875, 9.29267578125, 229.0, -92.0, -446.0]
391,30.0900936126709,1,0.21238998,[-0.384521484375, -2.7685546875, -49.5263671875, -0.06103515625, -0.06103515625, 0.0, 0.4358935546875, -0.0718505859375, 9.2878857421875, 230.0, -91.0, -446.0]
392,30.776500701904297,1,0.21252608,[-0.384521484375, -2.7740478515625, -49.5263671875, 0.1220703125, -0.244140625, 0.06103515625, 0.44068359375000005, -0.09101074218750001, 9.273515625, 230.0, -92.0, -445.0]
393,31.64839744567871,1,0.21288246,[-0.384521484375, -2.7740478515625, -49.5208740234375, 0.0, -0.18310546875, -0.06103515625, 0.4454736328125, -0.067060546875, 9.283095703125001, 230.0, -92.0, -446.0]
394,26.802539825439453,1,0.21294066,[-0.384521484375, -2.7740478515625, -49.5208740234375, 0.0, -0.06103515625, 0.0, 0.4646337890625, -0.076640625, 9.29267578125, 229.0, -92.0, -446.0]
395,27.80890464782715,1,0.21301302,[-0.384521484375, -2.7740478515625, -49.5208740234375, 0.0, 0.06103515625, 0.06103515625, 0.45026367187500005, -0.05748046875, 9.283095703125001, 229.0, -92.0, -447.0]
396,26.485204696655273,1,0.21280342,[-0.384521484375, -2.7740478515625, -49.5208740234375, 0.06103515625, 0.0, -0.06103515625, 0.4454736328125, -0.052690429687500005, 9.2878857421875, 229.0, -91.0, -448.0]
397,28.049707412719727,1,0.21287498,[-0.384521484375, -2.7740478515625, -49.5208740234375, 0.1220703125, 0.0, 0.0, 0.4646337890625, -0.067060546875, 9.2878857421875, 227.0, -92.0, -447.0]
398,31.952619552612305,1,0.21277201,[-0.384521484375, -2.7740478515625, -49.5208740234375, -0.06103515625, 0.06103515625, -0.1220703125, 0.45026367187500005, -0.0335302734375, 9.29267578125, 228.0, -92.0, -447.0]
399,31.39781951904297,1,0.21267885,[-0.384521484375, -2.7740478515625, -49.5208740234375, 0.0, -0.18310546875, 0.1220703125, 0.43110351562500004, -0.047900390625000004, 9.2878857421875, 229.0, -91.0, -446.0]
400,31.909942626953125,1,0.21271631,[-0.384521484375, -2.7740478515625, -49.5263671875, 0.0, 0.1220703125, 0.06103515625, 0.45026367187500005, -0.0622705078125, 9.268725585937501, 229.0, -92.0, -445.0]
401,31.133651733398438,1,0.21264285,[-0.384521484375, -2.7740478515625, -49.5263671875, 0.0, 0.0, 0.0, 0.4550537109375, -0.067060546875, 9.302255859375, 229.0, -91.0, -446.0]
402,28.558015823364258,1,0.2124179,[-0.384521484375, -2.7740478515625, -49.5263671875, 0.0, 0.0, 0.0, 0.4167333984375, -0.05748046875, 9.2878857421875, 229.0, -92.0, -447.0]
403,27.007341384887695,1,0.21226206,[-0.384521484375, -2.7740478515625, -49.5263671875, 0.0, 0.0, 0.0, 0.4454736328125, -0.067060546875, 9.2783056640625, 230.0, -92.0, -448.0]
404,27.172327041625977,1,0.21217161,[-0.384521484375, -2.7740478515625, -49.5263671875, 0.0, 0.0, 0.0, 0.4646337890625, -0.0718505859375, 9.273515625, 230.0, -91.0, -448.0]
405,32.00888633728027,1,0.21225059,[-0.384521484375, -2.7740478515625, -49.5263671875, 0.0, 0.0, 0.0, 0.44068359375000005, -0.086220703125, 9.273515625, 230.0, -92.0, -448.0]
406,32.80138969421387,1,0.21226859,[-0.384521484375, -2.7740478515625, -49.5263671875, 0.0, 0.0, 0.0, 0.4358935546875, -0.0622705078125, 9.29267578125, 229.0, -91.0, -448.0]
407,30.858755111694336,1,0.21230721,[-0.384521484375, -2.7740478515625, -49.5263671875, 0.0, 0.0, 0.0, 0.4358935546875, -0.0431103515625, 9.283095703125001, 229.0, -93.0, -446.0]
408,37.923574447631836,1,0.21244583,[-0.384521484375, -2.7740478515625, -49.5263671875, 0.0, 0.0, 0.0, 0.44068359375000005, -0.05748046875, 9.263935546875, 230.0, -93.0, -446.0]
409,25.862932205200195,1,0.21231103,[-0.384521484375, -2.7740478515625, -49.5208740234375, 0.0, 0.0, 0.0, 0.4358935546875, -0.0718505859375, 9.297465820312501, 229.0, -93.0, -445.0]
410,32.96327590942383,1,0.21217188,[-0.384521484375, -2.7740478515625, -49.5208740234375, 0.0, 0.0, 0.0, 0.4550537109375, -0.0431103515625, 9.2591455078125, 228.0, -93.0, -446.0]
411,37.677764892578125,1,0.21197236,[-0.384521484375, -2.7740478515625, -49.5208740234375, 0.0, 0.0, 0.0, 0.4742138671875, -0.0383203125, 9.263935546875, 228.0, -92.0, -447.0]
412,31.35395050048828,1,0.21208629,[-0.384521484375, -2.7740478515625, -49.5208740234375, 0.0, 0.0, 0.0, 0.4071533203125, -0.05748046875, 9.2783056640625, 228.0, -92.0, -447.0]
413,36.87310218811035,1,0.21209082,[-0.384521484375, -2.7740478515625, -49.5208740234375, 0.0, 0.0, 0.0, 0.4646337890625, -0.0622705078125, 9.273515625, 228.0, -92.0, -447.0]
414,28.971433639526367,1,0.21197212,[-0.384521484375, -2.7740478515625, -49.5208740234375, 0.0, 0.0, 0.0, 0.469423828125, -0.0622705078125, 9.3070458984375, 228.0, -91.0, -447.0]
415,27.236223220825195,1,0.21199554,[-0.384521484375, -2.7740478515625, -49.5208740234375, 0.0, 0.0, 0.0, 0.4454736328125, -0.0718505859375, 9.2878857421875, 228.0, -91.0, -446.0]
416,24.590253829956055,1,0.21194318,[-0.384521484375, -2.7740478515625, -49.5208740234375, 0.0, 0.0, 0.0, 0.4454736328125, -0.09101074218750001, 9.273515625, 228.0, -90.0, -447.0]
417,26.112079620361328,1,0.2120381,[-0.384521484375, -2.7740478515625, -49.5263671875, 0.0, 0.0, 0.0, 0.4646337890625, -0.0718505859375, 9.2783056640625, 228.0, -91.0, -446.0]
418,44.641733169555664,1,0.21208256,[-0.384521484375, -2.7740478515625, -49.5263671875, 0.0, 0.0, 0.0, 0.45984375, -0.0622705078125, 9.302255859375, 228.0, -90.0, -447.0]
419,34.74235534667969,1,0.21216711,[-0.384521484375, -2.7740478515625, -49.5263671875, 0.0, 0.0, 0.0, 0.4550537109375, -0.067060546875, 9.297465820312501, 228.0, -91.0, -446.0]
420,34.63339805603027,1,0.21226326,[-0.384521484375, -2.7740478515625, -49.5263671875, 0.0, 0.0, 0.0, 0.45026367187500005, -0.047900390625000004, 9.263935546875, 228.0, -91.0, -445.0]
421,32.019853591918945,1,0.2123163,[-0.384521484375, -2.7740478515625, -49.5263671875, 0.0, 0.0, 0.0, 0.44068359375000005, -0.0431103515625, 9.2591455078125, 228.0, -91.0, -446.0]
422,26.43275260925293,1,0.21259817,[-0.384521484375, -2.7740478515625, -49.5263671875, 0.0, 0.0, 0.0, 0.4454736328125, -0.0431103515625, 9.268725585937501, 228.0, -92.0, -447.0]
423,23.357629776000977,1,0.21273756,[-0.384521484375, -2.7740478515625, -49.5263671875, 0.0, 0.0, 0.0, 0.4550537109375, -0.05748046875, 9.2878857421875, 228.0, -90.0, -447.0]
424,26.949644088745117,1,0.21280962,[-0.384521484375, -2.7740478515625, -49.5263671875, 0.0, 0.0, 0.0, 0.45026367187500005, -0.067060546875, 9.2878857421875, 228.0, -91.0, -447.0]
425,31.744003295898438,1,0.21285379,[-0.384521484375, -2.7740478515625, -49.5318603515625, 0.0, 0.0, 0.0, 0.4550537109375, -0.052690429687500005, 9.273515625, 228.0, -91.0, -447.0]
426,32.318830490112305,1,0.21279287,[-0.384521484375, -2.7740478515625, -49.5318603515625, 0.0, 0.0, 0.0, 0.4550537109375, -0.0622705078125, 9.273515625, 229.0, -90.0, -446.0]
427,30.680179595947266,1,0.21273404,[-0.384521484375, -2.7740478515625, -49.5318603515625, 0.0, 0.0, 0.0, 0.4263134765625, -0.076640625, 9.263935546875, 228.0, -91.0, -445.0]
428,29.69956398010254,1,0.21263269,[-0.384521484375, -2.7740478515625, -49.5318603515625, 0.0, 0.0, 0.0, 0.4646337890625, -0.086220703125, 9.283095703125001, 228.0, -91.0, -446.0]
429,25.116920471191406,1,0.21264076,[-0.384521484375, -2.7740478515625, -49.5318603515625, 0.0, 0.0, 0.0, 0.44068359375000005, -0.05748046875, 9.2878857421875, 227.0, -91.0, -446.0]
430,34.581661224365234,1,0.21253094,[-0.384521484375, -2.7740478515625, -49.5318603515625, 0.0, 0.0, 0.0, 0.4550537109375, -0.0622705078125, 9.297465820312501, 228.0, -91.0, -446.0]
431,32.33623504638672,1,0.21255878,[-0.384521484375, -2.7740478515625, -49.5318603515625, 0.0, 0.0, 0.0, 0.4358935546875, -0.0718505859375, 9.29267578125, 228.0, -90.0, -446.0]
432,31.602144241333008,1,0.21275088,[-0.384521484375, -2.7740478515625, -49.5318603515625, 0.0, 0.0, 0.0, 0.45026367187500005, -0.05748046875, 9.2783056640625, 228.0, -91.0, -446.0]
