101,12.285947799682617,[-98.1024169921875, -21.6925048828125, -112.269287109375, 0.06103515625, 0.0, 0.06103515625, 3.6260595703125, -8.995693359375, -1.24541015625, -29.0, 435.0, 199.0],3,0.7093328
102,11.430025100708008,[-98.096923828125, -21.6925048828125, -112.2747802734375, 0.48828125, -0.1220703125, 0.244140625, 3.6452197265625004, -8.995693359375, -1.2693603515625, -29.0, 436.0, 199.0],3,0.70943546
103,11.07025146484375,[-98.0914306640625, -21.68701171875, -112.2857666015625, 0.732421875, 0.0, 0.3662109375, 3.6260595703125, -9.0052734375, -1.2885205078125002, -29.0, 435.0, 200.0],3,0.709515
104,10.963201522827148,[-98.0859375, -21.6815185546875, -112.2967529296875, 0.42724609375, -0.79345703125, 0.30517578125, 3.6452197265625004, -9.0004833984375, -1.2885205078125002, -30.0, 435.0, 200.0],3,0.7096477
105,10.971546173095703,[-98.0859375, -21.6815185546875, -112.3077392578125, 0.244140625, -0.06103515625, 0.54931640625, 3.6260595703125, -8.990903320312501, -1.2597802734375, -30.0, 435.0, 201.0],3,0.7098106
106,11.253833770751953,[-98.0804443359375, -21.676025390625, -112.3187255859375, -0.06103515625, 0.0, 0.79345703125, 3.5973193359375, -8.966953125, -1.28373046875, -30.0, 436.0, 201.0],3,0.70997536
107,11.313676834106445,[-98.0804443359375, -21.6650390625, -112.335205078125, -0.42724609375, -0.1220703125, 0.9765625, 3.6068994140625, -8.990903320312501, -1.28373046875, -29.0, 436.0, 201.0],3,0.7099557
108,11.392593383789062,[-98.0859375, -21.6595458984375, -112.34619140625, -0.54931640625, -0.1220703125, 1.03759765625, 3.5973193359375, -8.995693359375, -1.2885205078125002, -30.0, 435.0, 199.0],3,0.71003
109,11.115550994873047,[-98.0914306640625, -21.6485595703125, -112.357177734375, -0.732421875, -0.1220703125, 1.220703125, 3.58294921875, -9.0483837890625, -1.2597802734375, -30.0, 435.0, 199.0],3,0.70998126
110,11.03353500366211,[-98.1024169921875, -21.6375732421875, -112.3681640625, -0.67138671875, -0.48828125, 1.15966796875, 3.5781591796875003, -9.029223632812501, -1.2310400390625, -30.0, 434.0, 200.0],3,0.70989114
111,11.032581329345703,[-98.10791015625, -21.6265869140625, -112.379150390625, -0.6103515625, -0.54931640625, 1.46484375, 3.5877392578125002, -9.072333984375, -1.2502001953125002, -30.0, 435.0, 199.0],3,0.70984036
112,10.865449905395508,[-98.1134033203125, -21.610107421875, -112.3846435546875, -0.244140625, -0.48828125, 1.03759765625, 3.669169921875, -9.091494140625, -1.274150390625, -30.0, 435.0, 199.0],3,0.7096872
113,10.823488235473633,[-98.1134033203125, -21.59912109375, -112.3956298828125, 0.06103515625, -0.3662109375, 0.79345703125, 3.650009765625, -9.206455078125, -1.2885205078125002, -30.0, 434.0, 199.0],3,0.70983976
114,10.87045669555664,[-98.1134033203125, -21.5936279296875, -112.4066162109375, 0.244140625, 0.0, 0.30517578125, 3.6547998046875003, -9.206455078125, -1.2981005859375, -31.0, 434.0, 199.0],3,0.7098528
115,10.84589958190918,[-98.10791015625, -21.5936279296875, -112.423095703125, 0.18310546875, -0.54931640625, 0.0, 3.6068994140625, -9.177714843750001, -1.2693603515625, -30.0, 434.0, 199.0],3,0.70981395
116,11.05046272277832,[-98.10791015625, -21.5936279296875, -112.4285888671875, -0.1220703125, -0.54931640625, 0.0, 3.5973193359375, -9.110654296875001, -1.2789404296875, -31.0, 434.0, 199.0],3,0.7099042
117,10.883808135986328,[-98.1134033203125, -21.588134765625, -112.4395751953125, -0.30517578125, -0.1220703125, -0.06103515625, 3.573369140625, -9.029223632812501, -1.2549902343750001, -30.0, 434.0, 198.0],3,0.70990944
118,11.043071746826172,[-98.1134033203125, -21.5936279296875, -112.445068359375, -0.42724609375, -0.3662109375, -0.1220703125, 3.5589990234375, -9.0004833984375, -1.2789404296875, -30.0, 434.0, 198.0],3,0.7099925
119,11.252403259277344,[-98.118896484375, -21.5936279296875, -112.4560546875, -0.54931640625, -0.3662109375, 0.18310546875, 3.554208984375, -8.9717431640625, -1.2406201171875, -30.0, 434.0, 198.0],2,0.96533287
120,11.5509033203125,[-98.1243896484375, -21.588134765625, -112.467041015625, -0.8544921875, -0.6103515625, 0.30517578125, 3.5589990234375, -8.957373046875, -1.2406201171875, -30.0, 434.0, 199.0],4,0.15802693
121,11.955738067626953,[-98.1353759765625, -21.5826416015625, -112.4725341796875, -0.8544921875, -0.3662109375, 0.42724609375, 3.5685791015625004, -8.995693359375, -1.235830078125, -30.0, 435.0, 199.0],4,0.15815122
122,11.498451232910156,[-98.1463623046875, -21.5771484375, -112.47802734375, -0.79345703125, -0.54931640625, 0.6103515625, 3.592529296875, -9.0100634765625, -1.2789404296875, -30.0, 435.0, 199.0],4,0.15813592
123,11.568069458007812,[-98.15185546875, -21.5716552734375, -112.489013671875, -0.79345703125, -0.18310546875, 0.732421875, 3.6068994140625, -9.0579638671875, -1.312470703125, -30.0, 435.0, 201.0],4,0.15773372
124,12.407302856445312,[-98.162841796875, -21.566162109375, -112.5, -1.03759765625, -0.18310546875, 0.3662109375, 3.6164794921875, -9.081914062500001, -1.28373046875, -30.0, 436.0, 201.0],4,0.15777035
125,11.813640594482422,[-98.173828125, -21.5606689453125, -112.5164794921875, -0.8544921875, -0.42724609375, 0.42724609375, 3.6260595703125, -9.0867041015625, -1.2885205078125002, -30.0, 436.0, 201.0],4,0.15809438
126,11.99483871459961,[-98.1793212890625, -21.55517578125, -112.5274658203125, -0.6103515625, 0.1220703125, 0.18310546875, 3.6404296875, -9.081914062500001, -1.312470703125, -31.0, 436.0, 201.0],4,0.15790975
127,11.096000671386719,[-98.184814453125, -21.5496826171875, -112.5384521484375, -0.3662109375, 0.30517578125, 0.18310546875, 3.6404296875, -0.143701171875, 2.08845703125, -30.0, 436.0, 201.0],4,0.16757855
128,11.182069778442383,[-98.184814453125, -21.5496826171875, -112.554931640625, -0.42724609375, -0.18310546875, 0.3662109375, 3.6404296875, -9.0483837890625, -1.3460009765625, -30.0, 436.0, 202.0],4,0.17812476
129,11.191368103027344,[-98.1903076171875, -21.5496826171875, -112.56591796875, -0.79345703125, 0.244140625, 0.244140625, 3.6116894531250003, -9.053173828125, -1.3172607421875, -30.0, 436.0, 202.0],4,0.178151
130,11.178970336914062,[-98.19580078125, -21.544189453125, -112.5823974609375, -0.79345703125, 0.0, 0.244140625, 3.5973193359375, -9.034013671875, -1.312470703125, -30.0, 435.0, 201.0],4,0.17564306
131,11.11745834350586,[-98.2012939453125, -21.544189453125, -112.598876953125, -0.79345703125, -0.30517578125, 0.3662109375, 3.6116894531250003, -9.0388037109375, -1.32205078125, -30.0, 435.0, 201.0],4,0.1723183
132,11.186361312866211,[-98.2122802734375, -21.5386962890625, -112.6043701171875, -0.54931640625, 0.0, 0.3662109375, 3.6260595703125, -9.081914062500001, -1.350791015625, -29.0, 435.0, 200.0],4,0.16790824
133,11.185407638549805,[-98.2177734375, -21.533203125, -112.6153564453125, -0.732421875, -0.06103515625, 0.30517578125, 3.6116894531250003, -9.1058642578125, -1.3412109375, -30.0, 435.0, 200.0],4,0.1650729
134,11.232376098632812,[-98.2232666015625, -21.533203125, -112.6318359375, -0.42724609375, 0.0, 0.18310546875, 3.6212695312500003, -9.120234375, -1.2981005859375, -30.0, 435.0, 200.0],4,0.16337271
135,11.150836944580078,[-98.2232666015625, -21.533203125, -112.642822265625, -0.1220703125, 0.30517578125, 0.0, 3.5973193359375, -9.091494140625, -1.3268408203125002, -29.0, 434.0, 199.0],4,0.16136938
136,11.225461959838867,[-98.2232666015625, -21.533203125, -112.65380859375, 0.06103515625, 0.0, -0.06103515625, 3.6068994140625, -9.10107421875, -1.302890625, -29.0, 434.0, 200.0],4,0.16076736
137,11.110305786132812,[-98.2232666015625, -21.533203125, -112.6593017578125, 0.42724609375, 0.18310546875, 0.0, 3.5685791015625004, -9.120234375, -1.3172607421875, -29.0, 434.0, 200.0],4,0.16006613
138,11.626482009887695,[-98.2177734375, -21.533203125, -112.6702880859375, 0.6103515625, 0.18310546875, -0.244140625, 3.5781591796875003, -9.072333984375, -1.3172607421875, -29.0, 435.0, 200.0],4,0.15955636
139,11.384248733520508,[-98.206787109375, -21.533203125, -112.6812744140625, 0.67138671875, 0.0, 0.0, 3.592529296875, -9.0483837890625, -1.3460009765625, -29.0, 436.0, 200.0],4,0.15909828
140,11.390209197998047,[-98.206787109375, -21.533203125, -112.686767578125, 0.1220703125, -0.1220703125, -0.30517578125, 3.58294921875, -9.0771240234375, -1.3460009765625, -28.0, 436.0, 199.0],4,0.15860218
141,11.571407318115234,[-98.2012939453125, -21.5386962890625, -112.6922607421875, 0.30517578125, -0.06103515625, 0.0, 3.6021093750000004, -9.06275390625, -1.32205078125, -28.0, 435.0, 199.0],4,0.15814282
142,11.5814208984375,[-98.2012939453125, -21.5386962890625, -112.69775390625, 0.0, 0.06103515625, -0.06103515625, 3.6164794921875, -9.096284179687501, -1.3364208984375001, -28.0, 436.0, 199.0],4,0.15766482
143,11.42573356628418,[-98.2012939453125, -21.5386962890625, -112.7032470703125, 0.1220703125, 0.18310546875, -0.244140625, 3.6116894531250003, -9.110654296875001, -1.3268408203125002, -28.0, 436.0, 198.0],4,0.15687865
144,11.661767959594727,[-98.2012939453125, -21.5386962890625, -112.708740234375, 0.244140625, 0.06103515625, -0.3662109375, 3.592529296875, -9.091494140625, -1.2645703125, -29.0, 436.0, 198.0],4,0.15571731
145,11.500358581542969,[-98.2012939453125, -21.544189453125, -112.7142333984375, 0.30517578125, 0.18310546875, -0.42724609375, 3.6356396484375, -9.0483837890625, -1.28373046875, -28.0, 435.0, 197.0],4,0.15349841
146,11.640310287475586,[-98.19580078125, -21.544189453125, -112.7197265625, 0.42724609375, -0.06103515625, -0.3662109375, 3.6308496093750002, -9.0483837890625, -1.2885205078125002, -29.0, 435.0, 199.0],4,0.1521762
147,11.326789855957031,[-98.19580078125, -21.5496826171875, -112.7252197265625, 0.48828125, 0.0, -0.42724609375, 3.6308496093750002, -9.0483837890625, -1.274150390625, -28.0, 435.0, 199.0],4,0.15408683
148,11.146068572998047,[-98.184814453125, -21.55517578125, -112.730712890625, 0.8544921875, -0.06103515625, -0.244140625, 3.6404296875, -8.995693359375, -1.2502001953125002, -28.0, 436.0, 199.0],4,0.15482655
149,11.276960372924805,[-98.1793212890625, -21.55517578125, -112.7362060546875, 0.91552734375, 0.244140625, -0.1220703125, 3.6116894531250003, -8.9813232421875, -1.274150390625, -29.0, 435.0, 199.0],4,0.1551246
150,11.464595794677734,[-98.1683349609375, -21.55517578125, -112.74169921875, 0.244140625, -0.06103515625, -0.06103515625, 3.6116894531250003, -8.98611328125, -1.2981005859375, -28.0, 435.0, 198.0],4,0.1550823
151,11.339426040649414,[-98.1683349609375, -21.55517578125, -112.7471923828125, -0.06103515625, 0.0, 0.06103515625, 3.6068994140625, -9.0052734375, -1.312470703125, -29.0, 434.0, 199.0],4,0.15513639
152,11.233806610107422,[-98.1683349609375, -21.55517578125, -112.752685546875, -0.48828125, 0.06103515625, 0.06103515625, 3.6116894531250003, -9.014853515625001, -1.2693603515625, -28.0, 435.0, 199.0],4,0.15516698
153,11.191368103027344,[-98.173828125, -21.55517578125, -112.763671875, -0.42724609375, 0.0, 0.18310546875, 3.6021093750000004, -9.0388037109375, -1.2789404296875, -28.0, 434.0, 199.0],4,0.15510564
154,11.224746704101562,[-98.1793212890625, -21.55517578125, -112.763671875, -0.6103515625, -0.18310546875, 0.30517578125, 3.5973193359375, -9.029223632812501, -1.2645703125, -28.0, 435.0, 198.0],4,0.15525582
155,11.252641677856445,[-98.184814453125, -21.5496826171875, -112.7691650390625, -0.6103515625, 0.06103515625, 0.30517578125, 3.58294921875, -9.0483837890625, -1.235830078125, -28.0, 435.0, 198.0],4,0.15515524
156,12.035608291625977,[-98.1903076171875, -21.544189453125, -112.774658203125, -0.48828125, -0.06103515625, 0.244140625, 3.58294921875, -9.072333984375, -1.24541015625, -28.0, 435.0, 199.0],4,0.1554186
157,11.42120361328125,[-98.19580078125, -21.544189453125, -112.78564453125, -0.06103515625, -0.48828125, 0.18310546875, 3.5781591796875003, -9.0867041015625, -1.274150390625, -28.0, 435.0, 199.0],4,0.15581134
158,11.551618576049805,[-98.19580078125, -21.544189453125, -112.7911376953125, 0.244140625, -0.18310546875, 0.30517578125, 3.6068994140625, -9.0867041015625, -1.2981005859375, -29.0, 435.0, 198.0],4,0.15576561
159,11.452436447143555,[-98.1903076171875, -21.5386962890625, -112.796630859375, 0.3662109375, -0.42724609375, 0.1220703125, 3.5973193359375, -9.10107421875, -1.2885205078125002, -28.0, 434.0, 199.0],4,0.156085
160,11.384010314941406,[-98.1903076171875, -21.533203125, -112.796630859375, 0.0, -0.1220703125, 0.0, 3.554208984375, -9.0579638671875, -1.312470703125, -28.0, 434.0, 199.0],4,0.15589885
161,11.435985565185547,[-98.184814453125, -21.533203125, -112.8076171875, 0.1220703125, -0.48828125, 0.06103515625, 3.5685791015625004, -9.029223632812501, -1.32205078125, -29.0, 434.0, 199.0],4,0.15608627
162,11.374950408935547,[-98.1903076171875, -21.533203125, -112.8131103515625, -0.1220703125, 0.0, 0.0, 3.6021093750000004, -9.0196435546875, -1.36037109375, -28.0, 435.0, 200.0],4,0.15575205
163,11.605978012084961,[-98.1903076171875, -21.533203125, -112.818603515625, -0.3662109375, 0.0, 0.18310546875, 3.5973193359375, -9.053173828125, -1.3555810546875, -28.0, 435.0, 200.0],4,0.15514867
164,11.678695678710938,[-98.19580078125, -21.5277099609375, -112.8240966796875, -0.67138671875, 0.0, 0.1220703125, 3.6068994140625, -9.0388037109375, -1.312470703125, -28.0, 436.0, 199.0],4,0.15486538
165,11.17086410522461,[-98.2012939453125, -21.5277099609375, -112.82958984375, -0.6103515625, -0.18310546875, 0.0, 3.5973193359375, -9.06275390625, -1.2549902343750001, -28.0, 436.0, 198.0],4,0.15480737
166,11.044025421142578,[-98.206787109375, -21.5277099609375, -112.8350830078125, -0.30517578125, -0.18310546875, 0.18310546875, 3.6021093750000004, -9.0579638671875, -1.274150390625, -28.0, 435.0, 199.0],4,0.15503642
167,10.947465896606445,[-98.206787109375, -21.5277099609375, -112.840576171875, -0.54931640625, -0.06103515625, 0.06103515625, 3.6164794921875, -9.1058642578125, -1.3172607421875, -28.0, 436.0, 199.0],4,0.15481848
168,10.947227478027344,[-98.2122802734375, -21.522216796875, -112.8460693359375, -0.3662109375, 0.06103515625, 0.0, 3.6404296875, -9.1154443359375, -1.2933105468750001, -28.0, 436.0, 199.0],4,0.15477009
169,10.857343673706055,[-98.2177734375, -21.522216796875, -112.8570556640625, 0.0, 0.0, -0.1220703125, 3.6116894531250003, -9.0867041015625, -1.28373046875, -28.0, 436.0, 199.0],4,0.15485111
170,11.190414428710938,[-98.2122802734375, -21.5277099609375, -112.862548828125, 0.732421875, 0.06103515625, -0.1220703125, 3.6260595703125, -9.0771240234375, -1.302890625, -28.0, 436.0, 199.0],4,0.15478027
171,11.083126068115234,[-98.206787109375, -21.5277099609375, -112.8680419921875, 1.0986328125, -0.30517578125, -0.244140625, 3.6356396484375, -9.043593750000001, -1.3172607421875, -28.0, 436.0, 198.0],4,0.15487611
172,11.029481887817383,[-98.19580078125, -21.5277099609375, -112.8680419921875, 0.732421875, 0.0, -0.244140625, 3.6021093750000004, -9.0483837890625, -1.3364208984375001, -28.0, 436.0, 198.0],4,0.15463313
173,11.446237564086914,[-98.1903076171875, -21.5277099609375, -112.8680419921875, 0.18310546875, 0.0, -0.244140625, 3.58294921875, -9.043593750000001, -1.312470703125, -28.0, 436.0, 198.0],4,0.15443058
174,11.502265930175781,[-98.1903076171875, -21.533203125, -112.87353515625, -0.06103515625, -0.1220703125, -0.1220703125, 3.592529296875, -9.053173828125, -1.32205078125, -28.0, 436.0, 198.0],4,0.15419565
175,11.285543441772461,[-98.1903076171875, -21.533203125, -112.87353515625, -0.42724609375, 0.244140625, -0.244140625, 3.58294921875, -9.034013671875, -1.32205078125, -28.0, 437.0, 197.0],4,0.15362592
176,11.34490966796875,[-98.19580078125, -21.533203125, -112.8790283203125, -0.42724609375, 0.18310546875, 0.0, 3.5637890625, -9.110654296875001, -1.3076806640625, -29.0, 436.0, 198.0],4,0.15334766
177,11.591911315917969,[-98.2012939453125, -21.533203125, -112.884521484375, -0.30517578125, 0.1220703125, 0.0, 3.554208984375, -9.096284179687501, -1.2981005859375, -28.0, 436.0, 199.0],4,0.153433
178,11.238336563110352,[-98.2012939453125, -21.5386962890625, -112.8900146484375, -0.06103515625, 0.18310546875, -0.18310546875, 3.5781591796875003, -9.1441845703125, -1.2502001953125002, -28.0, 435.0, 198.0],4,0.1535128
179,11.512994766235352,[-98.2012939453125, -21.5386962890625, -112.9010009765625, 0.42724609375, -0.06103515625, -0.244140625, 3.6068994140625, -9.096284179687501, -1.2502001953125002, -29.0, 435.0, 199.0],4,0.15429218
180,11.546611785888672,[-98.19580078125, -21.5386962890625, -112.906494140625, 0.67138671875, 0.06103515625, -0.54931640625, 3.5781591796875003, -9.10107421875, -1.274150390625, -29.0, 435.0, 198.0],4,0.15449108
181,11.357784271240234,[-98.1903076171875, -21.544189453125, -112.9119873046875, 0.8544921875, 0.244140625, -0.54931640625, 3.6164794921875, -9.091494140625, -1.3268408203125002, -29.0, 435.0, 198.0],4,0.1544616
182,11.30986213684082,[-98.1793212890625, -21.5496826171875, -112.9229736328125, 0.732421875, 0.48828125, -0.6103515625, 3.6116894531250003, -9.072333984375, -1.3172607421875, -28.0, 435.0, 198.0],4,0.15417656
183,11.515140533447266,[-98.173828125, -21.55517578125, -112.9339599609375, 0.42724609375, 0.244140625, -0.67138671875, 3.6308496093750002, -9.06275390625, -1.3268408203125002, -28.0, 434.0, 200.0],4,0.15428913
184,11.483192443847656,[-98.1683349609375, -21.5606689453125, -112.939453125, 0.6103515625, 0.42724609375, -0.54931640625, 3.6260595703125, -9.0052734375, -1.2933105468750001, -28.0, 435.0, 200.0],4,0.1543201
185,11.098861694335938,[-98.162841796875, -21.566162109375, -112.950439453125, 0.30517578125, 0.0, -0.42724609375, 3.6308496093750002, -9.02443359375, -1.3268408203125002, -27.0, 435.0, 200.0],4,0.15440525
186,11.137723922729492,[-98.1573486328125, -21.566162109375, -112.9559326171875, 0.06103515625, 0.3662109375, -0.48828125, 3.6452197265625004, -9.043593750000001, -1.32205078125, -28.0, 434.0, 199.0],4,0.1542496
187,11.251688003540039,[-98.1573486328125, -21.5716552734375, -112.9669189453125, 0.1220703125, 0.3662109375, -0.48828125, 3.6547998046875003, -9.043593750000001, -1.3172607421875, -28.0, 434.0, 199.0],4,0.15407626
188,10.960578918457031,[-98.15185546875, -21.5771484375, -112.9779052734375, 0.3662109375, 0.0, -0.30517578125, 3.65958984375, -9.0388037109375, -1.2789404296875, -28.0, 434.0, 200.0],4,0.15454681
189,10.901212692260742,[-98.15185546875, -21.5826416015625, -112.9833984375, 0.54931640625, 0.0, -0.6103515625, 3.650009765625, -9.02443359375, -1.2693603515625, -28.0, 435.0, 199.0],4,0.15507191
190,11.129140853881836,[-98.140869140625, -21.588134765625, -112.9888916015625, 0.91552734375, -0.06103515625, -0.54931640625, 3.6452197265625004, -9.0196435546875, -1.2597802734375, -28.0, 435.0, 199.0],4,0.15556064
191,10.95128059387207,[-98.1353759765625, -21.5936279296875, -112.994384765625, 0.79345703125, 0.244140625, -0.3662109375, 3.6260595703125, -8.995693359375, -1.274150390625, -28.0, 434.0, 200.0],4,0.15588379
192,11.388063430786133,[-98.1243896484375, -21.59912109375, -112.9998779296875, 0.6103515625, 0.0, -0.244140625, 3.6356396484375, -8.976533203125001, -1.302890625, -28.0, 434.0, 199.0],4,0.15585071
193,11.44266128540039,[-98.118896484375, -21.59912109375, -112.9998779296875, 0.67138671875, 0.0, 0.0, 3.6308496093750002, -8.9813232421875, -1.2789404296875, -28.0, 433.0, 199.0],4,0.15585801
194,11.055231094360352,[-98.1134033203125, -21.59912109375, -113.00537109375, 0.18310546875, 0.0, 0.18310546875, 3.6212695312500003, -9.02443359375, -1.28373046875, -28.0, 434.0, 198.0],4,0.15567812
195,11.270284652709961,[-98.1134033203125, -21.59912109375, -113.0108642578125, 0.06103515625, -0.1220703125, 0.06103515625, 3.6164794921875, -9.0004833984375, -1.28373046875, -27.0, 434.0, 198.0],4,0.15531787
196,11.39974594116211,[-98.1134033203125, -21.59912109375, -113.0108642578125, -0.06103515625, 0.06103515625, 0.06103515625, 3.6116894531250003, -9.053173828125, -1.2693603515625, -28.0, 434.0, 198.0],4,0.15509105
197,11.246442794799805,[-98.1134033203125, -21.5936279296875, -113.016357421875, -0.30517578125, 0.244140625, 0.1220703125, 3.592529296875, -9.0867041015625, -1.2789404296875, -28.0, 433.0, 199.0],4,0.15482455
198,11.286735534667969,[-98.118896484375, -21.5936279296875, -113.0218505859375, -0.06103515625, 0.06103515625, 0.06103515625, 3.5877392578125002, -9.072333984375, -1.235830078125, -28.0, 433.0, 199.0],4,0.15495645
199,11.255264282226562,[-98.118896484375, -21.5936279296875, -113.02734375, 0.1220703125, 0.0, 0.0, 3.5877392578125002, -9.0388037109375, -1.24541015625, -29.0, 434.0, 198.0],4,0.15516633
200,11.125564575195312,[-98.118896484375, -21.5936279296875, -113.0328369140625, 0.06103515625, -0.06103515625, -0.06103515625, 3.6068994140625, -9.02443359375, -1.2549902343750001, -28.0, 434.0, 198.0],4,0.15527841
201,11.265039443969727,[-98.118896484375, -21.5936279296875, -113.038330078125, -0.244140625, 0.0, 0.244140625, 3.58294921875, -9.06275390625, -1.2645703125, -28.0, 434.0, 200.0],4,0.15545274
202,11.208534240722656,[-98.118896484375, -21.5936279296875, -113.0438232421875, -0.3662109375, -0.1220703125, 0.244140625, 3.5494189453125, -9.0483837890625, -1.22625, -28.0, 434.0, 199.0],4,0.15566823
203,11.185407638549805,[-98.1243896484375, -21.588134765625, -113.04931640625, -0.48828125, 0.0, 0.18310546875, 3.5589990234375, -9.0867041015625, -1.2549902343750001, -28.0, 433.0, 201.0],4,0.15605278
204,11.167526245117188,[-98.1298828125, -21.588134765625, -113.060302734375, -0.54931640625, 0.0, 0.0, 3.5685791015625004, -9.072333984375, -1.2406201171875, -28.0, 434.0, 201.0],4,0.15654851
205,11.051654815673828,[-98.1353759765625, -21.588134765625, -113.0712890625, -0.244140625, 0.0, 0.1220703125, 3.573369140625, -9.06275390625, -1.235830078125, -29.0, 434.0, 200.0],4,0.15694511
206,11.143684387207031,[-98.1353759765625, -21.588134765625, -113.0767822265625, -0.18310546875, -0.3662109375, 0.06103515625, 3.58294921875, -9.0675439453125, -1.2310400390625, -29.0, 434.0, 200.0],4,0.15756136
207,11.048078536987305,[-98.1353759765625, -21.5826416015625, -113.082275390625, -0.244140625, 0.0, 0.06103515625, 3.5685791015625004, -9.034013671875, -1.24541015625, -29.0, 434.0, 200.0],4,0.15758897
208,11.22593879699707,[-98.140869140625, -21.5826416015625, -113.09326171875, -0.244140625, -0.06103515625, 0.1220703125, 3.592529296875, -9.043593750000001, -1.2645703125, -28.0, 434.0, 200.0],4,0.15747067
209,11.052370071411133,[-98.140869140625, -21.5826416015625, -113.104248046875, -0.18310546875, 0.18310546875, 0.18310546875, 3.592529296875, -9.02443359375, -1.2885205078125002, -29.0, 434.0, 200.0],4,0.15685657
210,11.581182479858398,[-98.140869140625, -21.5771484375, -113.115234375, -0.42724609375, 0.06103515625, 0.18310546875, 3.6068994140625, -9.0675439453125, -1.3172607421875, -29.0, 435.0, 200.0],4,0.15631819
211,11.182546615600586,[-98.1463623046875, -21.5771484375, -113.126220703125, -0.54931640625, -0.30517578125, 0.1220703125, 3.6260595703125, -9.053173828125, -1.2981005859375, -29.0, 434.0, 200.0],4,0.15633322
212,11.605024337768555,[-98.15185546875, -21.5716552734375, -113.1317138671875, -0.54931640625, 0.18310546875, 0.0, 3.6308496093750002, -9.0388037109375, -1.28373046875, -29.0, 435.0, 200.0],4,0.15609077
213,11.417388916015625,[-98.15185546875, -21.5716552734375, -113.1427001953125, -0.67138671875, 0.30517578125, 0.1220703125, 3.6068994140625, -9.0675439453125, -1.3412109375, -29.0, 435.0, 201.0],4,0.15560687
214,11.354446411132812,[-98.1573486328125, -21.5716552734375, -113.1536865234375, -0.67138671875, -0.244140625, 0.0, 3.6356396484375, -9.0579638671875, -1.32205078125, -29.0, 434.0, 200.0],4,0.1554461
215,11.405467987060547,[-98.162841796875, -21.5716552734375, -113.1591796875, -0.42724609375, -0.06103515625, 0.06103515625, 3.6547998046875003, -9.0675439453125, -1.3172607421875, -28.0, 435.0, 200.0],4,0.15515445
216,11.586904525756836,[-98.1683349609375, -21.5716552734375, -113.1646728515625, -0.18310546875, 0.06103515625, 0.18310546875, 3.6452197265625004, -9.0675439453125, -1.2789404296875, -29.0, 434.0, 199.0],4,0.15508573
217,11.31296157836914,[-98.1683349609375, -21.5716552734375, -113.170166015625, -0.18310546875, -0.1220703125, -0.18310546875, 3.6404296875, -9.043593750000001, -1.2981005859375, -29.0, 435.0, 200.0],4,0.1552285
218,11.47317886352539,[-98.1683349609375, -21.5716552734375, -113.1756591796875, 0.0, -0.18310546875, 0.0, 3.6308496093750002, -9.02443359375, -1.3316308593750001, -28.0, 434.0, 201.0],4,0.15527843
219,11.250495910644531,[-98.1683349609375, -21.5716552734375, -113.1866455078125, -0.06103515625, -0.06103515625, 0.0, 3.65958984375, -9.034013671875, -1.3172607421875, -29.0, 434.0, 201.0],4,0.15529443
220,11.108875274658203,[-98.1683349609375, -21.5716552734375, -113.192138671875, 0.0, 0.06103515625, 0.06103515625, 3.5973193359375, -9.0483837890625, -1.312470703125, -29.0, 434.0, 201.0],4,0.15523382
221,11.04879379272461,[-98.1683349609375, -21.5716552734375, -113.1976318359375, -0.06103515625, -0.06103515625, 0.244140625, 3.5973193359375, -9.0388037109375, -1.2981005859375, -29.0, 434.0, 201.0],4,0.1552577
222,11.54327392578125,[-98.1683349609375, -21.566162109375, -113.203125, -0.06103515625, 0.0, 0.0, 3.6068994140625, -9.0196435546875, -1.2933105468750001, -29.0, 434.0, 199.0],4,0.15501611
223,11.438369750976562,[-98.1683349609375, -21.566162109375, -113.2086181640625, 0.0, 0.0, 0.06103515625, 3.6164794921875, -9.06275390625, -1.3172607421875, -28.0, 434.0, 200.0],4,0.15478458
224,11.041402816772461,[-98.1683349609375, -21.566162109375, -113.214111328125, 0.0, 0.30517578125, 0.06103515625, 3.6116894531250003, -9.06275390625, -1.2981005859375, -28.0, 434.0, 200.0],4,0.15444109
225,11.121511459350586,[-98.1683349609375, -21.566162109375, -113.2196044921875, 0.06103515625, -0.06103515625, 0.0, 3.58294921875, -9.072333984375, -1.2789404296875, -28.0, 434.0, 199.0],4,0.15422252
226,11.09933853149414,[-98.1683349609375, -21.566162109375, -113.22509765625, 0.1220703125, -0.06103515625, -0.06103515625, 3.6021093750000004, -9.081914062500001, -1.2693603515625, -29.0, 434.0, 199.0],4,0.15433775
227,10.983467102050781,[-98.1683349609375, -21.566162109375, -113.2305908203125, 0.1220703125, 0.48828125, -0.06103515625, 3.6068994140625, -9.096284179687501, -1.2789404296875, -30.0, 434.0, 200.0],4,0.15428153
228,11.576414108276367,[-98.162841796875, -21.566162109375, -113.2415771484375, 0.30517578125, 0.0, -0.1220703125, 3.6021093750000004, -9.06275390625, -1.2789404296875, -29.0, 434.0, 201.0],4,0.15474316
229,11.363744735717773,[-98.162841796875, -21.5716552734375, -113.2470703125, 0.244140625, 0.244140625, -0.1220703125, 3.58294921875, -9.0483837890625, -1.274150390625, -29.0, 435.0, 200.0],4,0.15487193
230,11.52801513671875,[-98.1573486328125, -21.5716552734375, -113.2525634765625, 0.18310546875, -0.18310546875, 0.06103515625, 3.58294921875, -9.0196435546875, -1.2981005859375, -28.0, 435.0, 200.0],4,0.15487775
231,11.3067626953125,[-98.1573486328125, -21.5716552734375, -113.258056640625, 0.0, -0.06103515625, 0.0, 3.573369140625, -9.02443359375, -1.2981005859375, -29.0, 434.0, 200.0],4,0.1548863
232,11.467695236206055,[-98.1573486328125, -21.5716552734375, -113.2635498046875, 0.0, -0.06103515625, 0.1220703125, 3.5781591796875003, -9.0675439453125, -1.2789404296875, -29.0, 434.0, 200.0],4,0.1551299
233,11.809825897216797,[-98.1573486328125, -21.566162109375, -113.26904296875, -0.244140625, -0.1220703125, -0.1220703125, 3.6068994140625, -9.06275390625, -1.2693603515625, -28.0, 434.0, 200.0],4,0.1552894
234,11.82246208190918,[-98.162841796875, -21.566162109375, -113.2745361328125, 0.0, 0.0, 0.0, 3.6308496093750002, -9.091494140625, -1.2597802734375, -28.0, 434.0, 200.0],4,0.15547112
235,11.629819869995117,[-98.1573486328125, -21.566162109375, -113.280029296875, 0.244140625, -0.1220703125, 0.0, 3.6212695312500003, -9.0483837890625, -1.2885205078125002, -28.0, 434.0, 200.0],4,0.15543123
236,11.966943740844727,[-98.1573486328125, -21.566162109375, -113.2855224609375, 0.244140625, 0.0, -0.1220703125, 3.6308496093750002, -9.053173828125, -1.28373046875, -29.0, 434.0, 199.0],4,0.15516935
237,11.661529541015625,[-98.15185546875, -21.566162109375, -113.291015625, 0.30517578125, -0.18310546875, -0.06103515625, 3.6404296875, -9.0483837890625, -1.2885205078125002, -29.0, 435.0, 200.0],4,0.15534057
238,11.690378189086914,[-98.15185546875, -21.566162109375, -113.2965087890625, 0.0, 0.06103515625, 0.0, 3.6308496093750002, -9.0196435546875, -1.2693603515625, -30.0, 435.0, 200.0],4,0.15555848
239,11.630773544311523,[-98.15185546875, -21.566162109375, -113.3074951171875, 0.1220703125, 0.18310546875, -0.06103515625, 3.6308496093750002, -9.0196435546875, -1.3076806640625, -30.0, 435.0, 200.0],4,0.15544827
240,11.336565017700195,[-98.15185546875, -21.566162109375, -113.31298828125, 0.0, 0.244140625, -0.1220703125, 3.6308496093750002, -9.02443359375, -1.28373046875, -29.0, 434.0, 199.0],4,0.1551549
241,11.367082595825195,[-98.15185546875, -21.566162109375, -113.3184814453125, 0.0, 0.18310546875, -0.06103515625, 3.6308496093750002, -9.0771240234375, -1.28373046875, -30.0, 434.0, 200.0],4,0.15516074
242,11.345148086547852,[-98.15185546875, -21.5716552734375, -113.323974609375, 0.0, 0.18310546875, 0.06103515625, 3.6260595703125, -9.06275390625, -1.3076806640625, -30.0, 434.0, 200.0],4,0.1550195
243,11.395931243896484,[-98.15185546875, -21.5716552734375, -113.3349609375, -0.18310546875, 0.06103515625, 0.0, 3.6164794921875, -9.0388037109375, -1.274150390625, -29.0, 434.0, 201.0],4,0.15540546
244,11.528253555297852,[-98.15185546875, -21.5716552734375, -113.3404541015625, 0.0, -0.244140625, -0.1220703125, 3.6164794921875, -9.0771240234375, -1.2981005859375, -29.0, 434.0, 202.0],4,0.1558429
245,11.36159896850586,[-98.15185546875, -21.5716552734375, -113.345947265625, 0.0, -0.18310546875, -0.06103515625, 3.6068994140625, -9.053173828125, -1.2789404296875, -28.0, 435.0, 200.0],4,0.15578902
246,11.615753173828125,[-98.15185546875, -21.5716552734375, -113.3514404296875, 0.1220703125, 0.0, -0.06103515625, 3.6212695312500003, -9.0675439453125, -1.2789404296875, -29.0, 435.0, 200.0],4,0.15575534
247,11.530637741088867,[-98.15185546875, -21.5716552734375, -113.3514404296875, 0.1220703125, 0.0, 0.0, 3.6068994140625, -9.06275390625, -1.3076806640625, -29.0, 435.0, 199.0],4,0.15527998
248,12.289285659790039,[-98.15185546875, -21.5716552734375, -113.35693359375, 0.0, 0.0, 0.0, 3.5973193359375, -9.06275390625, -1.2885205078125002, -28.0, 435.0, 199.0],4,0.15501133
249,11.635065078735352,[-98.15185546875, -21.5716552734375, -113.3624267578125, -0.18310546875, 0.0, 0.06103515625, 3.592529296875, -9.0579638671875, -1.2981005859375, -29.0, 435.0, 199.0],4,0.1546855
250,12.12930679321289,[-98.15185546875, -21.5716552734375, -113.367919921875, -0.30517578125, 0.1220703125, 0.0, 3.6116894531250003, -9.0771240234375, -1.2981005859375, -29.0, 434.0, 198.0],4,0.15419748
251,11.82246208190918,[-98.1573486328125, -21.5716552734375, -113.367919921875, -0.244140625, 0.06103515625, -0.1220703125, 3.6116894531250003, -9.081914062500001, -1.28373046875, -29.0, 434.0, 198.0],4,0.15392734
252,11.756181716918945,[-98.1573486328125, -21.5716552734375, -113.3734130859375, 0.1220703125, -0.06103515625, -0.1220703125, 3.6356396484375, -9.072333984375, -1.2645703125, -29.0, 434.0, 198.0],4,0.15402396
253,12.362003326416016,[-98.15185546875, -21.5716552734375, -113.37890625, 0.48828125, -0.18310546875, 0.0, 3.5877392578125002, -9.0483837890625, -1.274150390625, -29.0, 434.0, 199.0],4,0.15437634
254,11.86823844909668,[-98.15185546875, -21.5716552734375, -113.37890625, 0.3662109375, -0.18310546875, -0.18310546875, 3.5973193359375, -9.0483837890625, -1.3172607421875, -29.0, 434.0, 199.0],4,0.15449542
255,11.677980422973633,[-98.1463623046875, -21.5771484375, -113.3843994140625, 0.30517578125, 0.0, -0.18310546875, 3.6356396484375, -9.053173828125, -1.312470703125, -29.0, 435.0, 200.0],4,0.15458758
256,11.569499969482422,[-98.140869140625, -21.5771484375, -113.389892578125, 0.48828125, -0.18310546875, -0.1220703125, 3.6452197265625004, -9.0579638671875, -1.28373046875, -29.0, 435.0, 199.0],4,0.15471876
257,11.562824249267578,[-98.140869140625, -21.5771484375, -113.3953857421875, 0.3662109375, 0.0, -0.244140625, 3.6212695312500003, -9.06275390625, -1.2885205078125002, -28.0, 435.0, 198.0],4,0.15451832
258,11.339187622070312,[-98.1353759765625, -21.5771484375, -113.40087890625, 0.18310546875, -0.06103515625, -0.1220703125, 3.6260595703125, -9.034013671875, -1.302890625, -28.0, 435.0, 198.0],4,0.15433864
259,11.461496353149414,[-98.1353759765625, -21.5826416015625, -113.40087890625, 0.1220703125, -0.244140625, -0.1220703125, 3.6260595703125, -9.034013671875, -1.3268408203125002, -28.0, 435.0, 199.0],4,0.15422708
260,11.794090270996094,[-98.1353759765625, -21.5826416015625, -113.3953857421875, 0.244140625, 0.0, 0.06103515625, 3.6308496093750002, -9.072333984375, -1.2933105468750001, -28.0, 435.0, 198.0],4,0.15388748
261,11.663198471069336,[-98.1353759765625, -21.5826416015625, -113.40087890625, 0.0, 0.1220703125, 0.0, 3.6404296875, -9.043593750000001, -1.3076806640625, -29.0, 434.0, 198.0],4,0.15365914
262,11.662721633911133,[-98.1353759765625, -21.5826416015625, -113.40087890625, 0.0, 0.1220703125, -0.1220703125, 3.6404296875, -9.0483837890625, -1.2789404296875, -29.0, 435.0, 198.0],4,0.15361482
263,11.399269104003906,[-98.1353759765625, -21.5826416015625, -113.4063720703125, 0.0, 0.0, -0.18310546875, 3.6356396484375, -9.0771240234375, -1.274150390625, -28.0, 435.0, 199.0],4,0.15389246
264,11.845588684082031,[-98.1353759765625, -21.5826416015625, -113.4063720703125, 0.30517578125, 0.18310546875, -0.06103515625, 3.6116894531250003, -9.072333984375, -1.28373046875, -28.0, 435.0, 199.0],4,0.1540557
265,11.47770881652832,[-98.1298828125, -21.588134765625, -113.411865234375, 0.30517578125, -0.06103515625, -0.1220703125, 3.6260595703125, -9.043593750000001, -1.2933105468750001, -28.0, 435.0, 200.0],4,0.1544076
266,11.8255615234375,[-98.1243896484375, -21.588134765625, -113.411865234375, 0.6103515625, 0.06103515625, 0.0, 3.6164794921875, -9.034013671875, -1.2502001953125002, -28.0, 435.0, 200.0],4,0.15496963
267,12.355327606201172,[-98.118896484375, -21.588134765625, -113.4173583984375, 0.48828125, -0.1220703125, 0.0, 3.6212695312500003, -9.0196435546875, -1.2981005859375, -28.0, 435.0, 200.0],4,0.15526006
268,11.7340087890625,[-98.118896484375, -21.588134765625, -113.4228515625, 0.1220703125, -0.244140625, -0.06103515625, 3.6116894531250003, -9.043593750000001, -1.2597802734375, -29.0, 435.0, 200.0],4,0.15583849
269,11.74473762512207,[-98.118896484375, -21.588134765625, -113.4228515625, 0.0, 0.1220703125, 0.0, 3.58294921875, -9.0388037109375, -1.2645703125, -29.0, 436.0, 200.0],4,0.15605623
270,12.00103759765625,[-98.1134033203125, -21.588134765625, -113.4283447265625, -0.06103515625, -0.18310546875, 0.0, 3.5685791015625004, -9.0196435546875, -1.2597802734375, -28.0, 436.0, 201.0],4,0.15642165
271,12.079715728759766,[-98.118896484375, -21.588134765625, -113.433837890625, -0.30517578125, 0.0, 0.1220703125, 3.5877392578125002, -9.0388037109375, -1.2502001953125002, -29.0, 436.0, 201.0],4,0.15660504
272,11.719942092895508,[-98.118896484375, -21.5826416015625, -113.433837890625, -0.18310546875, 0.0, 0.1220703125, 3.573369140625, -9.0579638671875, -1.2502001953125002, -28.0, 436.0, 200.0],4,0.15646215
273,11.582374572753906,[-98.1243896484375, -21.5826416015625, -113.4393310546875, -0.18310546875, 0.18310546875, 0.06103515625, 3.5781591796875003, -9.0579638671875, -1.2693603515625, -28.0, 436.0, 201.0],4,0.15631557
274,11.447668075561523,[-98.1243896484375, -21.5826416015625, -113.4503173828125, -0.1220703125, -0.244140625, 0.0, 3.5877392578125002, -9.081914062500001, -1.2597802734375, -29.0, 436.0, 201.0],4,0.15669902
275,11.336326599121094,[-98.1243896484375, -21.5826416015625, -113.4503173828125, 0.0, -0.18310546875, -0.06103515625, 3.592529296875, -9.081914062500001, -1.2502001953125002, -28.0, 436.0, 201.0],4,0.15702231
276,11.38162612915039,[-98.1243896484375, -21.5826416015625, -113.4613037109375, -0.1220703125, 0.1220703125, -0.06103515625, 3.592529296875, -9.081914062500001, -1.2502001953125002, -29.0, 435.0, 201.0],4,0.15717642
277,11.476993560791016,[-98.1243896484375, -21.5826416015625, -113.466796875, -0.30517578125, 0.0, -0.06103515625, 3.5877392578125002, -9.053173828125, -1.2693603515625, -30.0, 436.0, 200.0],4,0.15705112
278,11.538028717041016,[-98.1298828125, -21.5826416015625, -113.4722900390625, -0.244140625, 0.0, 0.18310546875, 3.5973193359375, -9.072333984375, -1.2789404296875, -29.0, 436.0, 200.0],4,0.15673333
279,11.283397674560547,[-98.1298828125, -21.5826416015625, -113.477783203125, -0.244140625, 0.244140625, -0.1220703125, 3.5973193359375, -9.081914062500001, -1.3316308593750001, -29.0, 436.0, 200.0],4,0.15589021
280,11.439085006713867,[-98.1298828125, -21.5826416015625, -113.4832763671875, -0.30517578125, 0.1220703125, -0.18310546875, 3.6164794921875, -9.0867041015625, -1.3172607421875, -28.0, 435.0, 200.0],4,0.1552544
281,12.125015258789062,[-98.1353759765625, -21.5826416015625, -113.48876953125, -0.42724609375, 0.1220703125, -0.18310546875, 3.6308496093750002, -9.0675439453125, -1.3316308593750001, -28.0, 434.0, 200.0],4,0.15460369
282,11.529922485351562,[-98.1353759765625, -21.5826416015625, -113.4942626953125, -0.54931640625, 0.3662109375, -0.18310546875, 3.6116894531250003, -9.06275390625, -1.3076806640625, -28.0, 434.0, 200.0],4,0.15404445
283,11.786460876464844,[-98.140869140625, -21.5826416015625, -113.499755859375, -0.30517578125, 0.30517578125, -0.1220703125, 3.6404296875, -9.0483837890625, -1.28373046875, -28.0, 432.0, 201.0],4,0.15403488
284,11.602640151977539,[-98.1463623046875, -21.5826416015625, -113.5052490234375, -0.18310546875, -0.244140625, -0.18310546875, 3.650009765625, -8.990903320312501, -1.28373046875, -28.0, 433.0, 200.0],4,0.15438487
285,12.696027755737305,[-98.1463623046875, -21.588134765625, -113.5107421875, 0.18310546875, 0.0, -0.06103515625, 3.6308496093750002, -9.0004833984375, -1.2885205078125002, -28.0, 433.0, 199.0],4,0.15435265
286,11.793851852416992,[-98.1463623046875, -21.588134765625, -113.5107421875, 0.0, -0.244140625, 0.06103515625, 3.6260595703125, -8.990903320312501, -1.3076806640625, -28.0, 432.0, 199.0],4,0.15441558
287,11.768341064453125,[-98.1463623046875, -21.588134765625, -113.5162353515625, -0.1220703125, -0.18310546875, 0.1220703125, 3.6260595703125, -9.0100634765625, -1.3076806640625, -28.0, 433.0, 200.0],4,0.15435886
288,12.523174285888672,[-98.1463623046875, -21.5826416015625, -113.5162353515625, -0.244140625, -0.1220703125, 0.18310546875, 3.6404296875, -9.0004833984375, -1.2885205078125002, -28.0, 433.0, 200.0],4,0.15448993
289,11.644124984741211,[-98.15185546875, -21.5826416015625, -113.5162353515625, -0.18310546875, -0.48828125, 0.30517578125, 3.650009765625, -9.0675439453125, -1.3076806640625, -27.0, 433.0, 201.0],4,0.15470403
290,11.495590209960938,[-98.15185546875, -21.5826416015625, -113.521728515625, 0.0, -0.06103515625, 0.06103515625, 3.6308496093750002, -9.120234375, -1.312470703125, -28.0, 433.0, 200.0],4,0.1545482
291,11.4593505859375,[-98.15185546875, -21.5826416015625, -113.521728515625, 0.06103515625, 0.0, 0.1220703125, 3.6212695312500003, -9.120234375, -1.312470703125, -27.0, 433.0, 200.0],4,0.15425679
292,11.481523513793945,[-98.15185546875, -21.5771484375, -113.5272216796875, 0.0, -0.1220703125, -0.244140625, 3.6068994140625, -9.096284179687501, -1.3172607421875, -27.0, 433.0, 200.0],4,0.15407111
293,11.629104614257812,[-98.15185546875, -21.5826416015625, -113.5272216796875, 0.18310546875, 0.06103515625, -0.1220703125, 3.6068994140625, -9.0675439453125, -1.302890625, -27.0, 433.0, 200.0],4,0.15378109
294,11.61336898803711,[-98.15185546875, -21.5826416015625, -113.5272216796875, 0.244140625, -0.1220703125, -0.06103515625, 3.6021093750000004, -9.0579638671875, -1.28373046875, -27.0, 433.0, 201.0],4,0.1540296
295,11.625289916992188,[-98.15185546875, -21.5826416015625, -113.53271484375, 0.244140625, -0.18310546875, -0.244140625, 3.5877392578125002, -9.043593750000001, -1.2502001953125002, -28.0, 433.0, 200.0],4,0.1545409
296,11.494636535644531,[-98.1463623046875, -21.588134765625, -113.53271484375, 0.18310546875, -0.18310546875, 0.0, 3.573369140625, -9.0052734375, -1.274150390625, -28.0, 434.0, 201.0],4,0.15503572
297,11.523008346557617,[-98.1463623046875, -21.588134765625, -113.5382080078125, 0.1220703125, -0.1220703125, 0.06103515625, 3.6021093750000004, -8.98611328125, -1.2645703125, -27.0, 434.0, 200.0],4,0.15517366
298,11.46697998046875,[-98.1463623046875, -21.588134765625, -113.5382080078125, -0.18310546875, 0.0, 0.06103515625, 3.6116894531250003, -9.029223632812501, -1.2981005859375, -28.0, 433.0, 200.0],4,0.15504086
299,11.850357055664062,[-98.1463623046875, -21.5826416015625, -113.543701171875, -0.1220703125, -0.06103515625, 0.1220703125, 3.6021093750000004, -9.043593750000001, -1.274150390625, -28.0, 434.0, 201.0],4,0.15511577
300,11.922597885131836,[-98.15185546875, -21.5826416015625, -113.5491943359375, -0.30517578125, -0.30517578125, 0.244140625, 3.5589990234375, -9.029223632812501, -1.2885205078125002, -28.0, 434.0, 201.0],4,0.1553003
301,11.61336898803711,[-98.15185546875, -21.5826416015625, -113.5491943359375, -0.18310546875, -0.1220703125, 0.18310546875, 3.5781591796875003, -9.072333984375, -1.2645703125, -27.0, 435.0, 200.0],4,0.15521894
302,12.388467788696289,[-98.15185546875, -21.5771484375, -113.5546875, -0.3662109375, -0.244140625, 0.1220703125, 3.592529296875, -9.0867041015625, -1.24541015625, -28.0, 434.0, 201.0],4,0.15563303
303,11.830568313598633,[-98.1573486328125, -21.5771484375, -113.5601806640625, -0.06103515625, -0.06103515625, 0.244140625, 3.58294921875, -9.0483837890625, -1.235830078125, -27.0, 434.0, 202.0],4,0.15613574
304,11.710882186889648,[-98.1573486328125, -21.5771484375, -113.565673828125, 0.06103515625, -0.3662109375, 0.0, 3.6164794921875, -9.053173828125, -1.2789404296875, -27.0, 434.0, 203.0],4,0.15677655
305,12.4359130859375,[-98.1573486328125, -21.5716552734375, -113.5711669921875, 0.0, -0.244140625, 0.0, 3.592529296875, -9.053173828125, -1.274150390625, -27.0, 435.0, 202.0],4,0.15691657
306,11.688709259033203,[-98.1573486328125, -21.5716552734375, -113.57666015625, 0.0, 0.0, 0.06103515625, 3.6164794921875, -9.0771240234375, -1.32205078125, -27.0, 434.0, 202.0],4,0.15640861
307,11.781930923461914,[-98.1573486328125, -21.5716552734375, -113.57666015625, 0.0, -0.1220703125, 0.1220703125, 3.6164794921875, -9.0579638671875, -1.302890625, -27.0, 435.0, 201.0],4,0.15598236
308,11.534929275512695,[-98.1573486328125, -21.5716552734375, -113.5821533203125, -0.1220703125, -0.30517578125, -0.1220703125, 3.6212695312500003, -9.0483837890625, -1.3076806640625, -28.0, 434.0, 202.0],4,0.15599044
309,11.312484741210938,[-98.1573486328125, -21.5716552734375, -113.587646484375, -0.3662109375, 0.1220703125, -0.1220703125, 3.6308496093750002, -9.0388037109375, -1.3364208984375001, -28.0, 434.0, 202.0],4,0.15560322
310,11.260271072387695,[-98.162841796875, -21.5716552734375, -113.5931396484375, -0.3662109375, -0.06103515625, 0.1220703125, 3.6212695312500003, -9.06275390625, -1.3172607421875, -28.0, 434.0, 201.0],4,0.15525417
311,11.453866958618164,[-98.1683349609375, -21.5716552734375, -113.5986328125, -0.48828125, 0.0, 0.0, 3.6116894531250003, -9.0483837890625, -1.2933105468750001, -29.0, 434.0, 201.0],4,0.15511501
312,11.456966400146484,[-98.1683349609375, -21.5716552734375, -113.5986328125, -0.42724609375, 0.1220703125, 0.06103515625, 3.6260595703125, -9.02443359375, -1.2933105468750001, -28.0, 435.0, 201.0],4,0.154918
313,11.332988739013672,[-98.173828125, -21.5716552734375, -113.6041259765625, -0.6103515625, 0.0, 0.18310546875, 3.6116894531250003, -9.034013671875, -1.274150390625, -28.0, 434.0, 202.0],4,0.15506425
314,11.710166931152344,[-98.1793212890625, -21.566162109375, -113.609619140625, -0.42724609375, -0.18310546875, 0.0, 3.6212695312500003, -9.014853515625001, -1.2645703125, -28.0, 434.0, 202.0],4,0.15541933
315,11.437416076660156,[-98.184814453125, -21.566162109375, -113.6151123046875, -0.06103515625, 0.244140625, 0.244140625, 3.5973193359375, -9.0388037109375, -1.2549902343750001, -28.0, 434.0, 201.0],4,0.15535921
316,11.57832145690918,[-98.184814453125, -21.566162109375, -113.62060546875, -0.1220703125, 0.0, 0.1220703125, 3.6068994140625, -9.0771240234375, -1.2597802734375, -29.0, 433.0, 202.0],4,0.15573457
317,11.981725692749023,[-98.184814453125, -21.566162109375, -113.6260986328125, -0.06103515625, -0.1220703125, 0.06103515625, 3.573369140625, -9.0483837890625, -1.2933105468750001, -29.0, 433.0, 201.0],4,0.15575159
318,11.472940444946289,[-98.184814453125, -21.566162109375, -113.6370849609375, 0.0, 0.18310546875, 0.06103515625, 3.58294921875, -9.0483837890625, -1.2885205078125002, -29.0, 432.0, 202.0],4,0.15562983
319,11.774778366088867,[-98.184814453125, -21.5606689453125, -113.642578125, -0.06103515625, 0.06103515625, 0.1220703125, 3.6260595703125, -9.043593750000001, -1.2981005859375, -29.0, 433.0, 202.0],4,0.15560395
320,11.900901794433594,[-98.184814453125, -21.5606689453125, -113.6480712890625, -0.30517578125, 0.0, 0.0, 3.6021093750000004, -9.053173828125, -1.2933105468750001, -28.0, 434.0, 201.0],4,0.15532894
321,12.516260147094727,[-98.184814453125, -21.5606689453125, -113.653564453125, -0.244140625, -0.06103515625, 0.1220703125, 3.6356396484375, -9.053173828125, -1.2597802734375, -28.0, 434.0, 201.0],4,0.15512367
322,11.799097061157227,[-98.184814453125, -21.5606689453125, -113.653564453125, 0.0, -0.1220703125, 0.06103515625, 3.6212695312500003, -9.0483837890625, -1.2502001953125002, -28.0, 434.0, 200.0],4,0.15505236
323,11.86370849609375,[-98.184814453125, -21.55517578125, -113.6590576171875, 0.30517578125, -0.42724609375, 0.1220703125, 3.6116894531250003, -9.0100634765625, -1.2597802734375, -28.0, 434.0, 200.0],4,0.1552774
324,11.832952499389648,[-98.184814453125, -21.55517578125, -113.6590576171875, 0.48828125, 0.18310546875, 0.0, 3.5973193359375, -9.0675439453125, -1.2549902343750001, -29.0, 434.0, 200.0],4,0.15517214
325,11.6729736328125,[-98.1793212890625, -21.55517578125, -113.66455078125, 0.6103515625, 0.1220703125, -0.06103515625, 3.6404296875, -9.10107421875, -1.2406201171875, -28.0, 435.0, 200.0],4,0.15527973
326,11.476755142211914,[-98.1683349609375, -21.55517578125, -113.6700439453125, 0.732421875, 0.1220703125, -0.06103515625, 3.6452197265625004, -9.053173828125, -1.2214599609375, -29.0, 434.0, 200.0],4,0.15550731
327,11.500835418701172,[-98.162841796875, -21.5606689453125, -113.675537109375, 0.42724609375, 0.30517578125, -0.30517578125, 3.6404296875, -9.0483837890625, -1.235830078125, -29.0, 434.0, 199.0],4,0.155257
328,11.564493179321289,[-98.15185546875, -21.5606689453125, -113.6865234375, 0.3662109375, 0.6103515625, -0.48828125, 3.650009765625, -9.0388037109375, -1.274150390625, -28.0, 433.0, 200.0],4,0.15492305
329,11.674165725708008,[-98.1463623046875, -21.566162109375, -113.697509765625, 0.1220703125, 0.6103515625, -0.06103515625, 3.6260595703125, -9.029223632812501, -1.2789404296875, -29.0, 434.0, 201.0],4,0.154608
330,11.37232780456543,[-98.1463623046875, -21.566162109375, -113.70849609375, -0.67138671875, 0.54931640625, -0.30517578125, 3.58294921875, -9.0052734375, -1.28373046875, -29.0, 433.0, 201.0],4,0.15421903
331,11.42120361328125,[-98.15185546875, -21.5716552734375, -113.719482421875, -1.03759765625, 0.42724609375, -0.06103515625, 3.5973193359375, -8.9813232421875, -1.2981005859375, -29.0, 434.0, 201.0],4,0.15390494
332,11.936664581298828,[-98.1573486328125, -21.5716552734375, -113.73046875, -1.64794921875, 0.79345703125, 0.06103515625, 3.5781591796875003, -8.98611328125, -1.302890625, -29.0, 434.0, 200.0],4,0.15305838
333,11.601448059082031,[-98.173828125, -21.5716552734375, -113.741455078125, -2.13623046875, 0.42724609375, 0.244140625, 3.5781591796875003, -8.9717431640625, -1.2981005859375, -28.0, 434.0, 200.0],4,0.15246762
334,11.35110855102539,[-98.19580078125, -21.5716552734375, -113.7469482421875, -2.74658203125, 0.42724609375, 0.42724609375, 3.592529296875, -9.0052734375, -1.28373046875, -29.0, 434.0, 200.0],4,0.1520883
335,12.071371078491211,[-98.2177734375, -21.566162109375, -113.7579345703125, -2.74658203125, 0.244140625, 0.6103515625, 3.5781591796875003, -9.0196435546875, -1.2693603515625, -29.0, 434.0, 199.0],4,0.15172285
336,11.894702911376953,[-98.2452392578125, -21.5606689453125, -113.763427734375, -2.50244140625, 0.1220703125, 0.67138671875, 3.5877392578125002, -9.0579638671875, -1.2645703125, -29.0, 434.0, 200.0],4,0.15174283
337,12.399911880493164,[-98.2672119140625, -21.55517578125, -113.7689208984375, -2.25830078125, -0.30517578125, 0.732421875, 3.58294921875, -9.0675439453125, -1.2933105468750001, -29.0, 434.0, 200.0],4,0.15198103
338,12.281417846679688,[-98.2891845703125, -21.5496826171875, -113.7744140625, -2.13623046875, -0.06103515625, 0.8544921875, 3.6021093750000004, -9.06275390625, -1.312470703125, -29.0, 434.0, 201.0],4,0.15218882
339,12.254476547241211,[-98.3056640625, -21.5386962890625, -113.7799072265625, -1.77001953125, -0.244140625, 0.79345703125, 3.5637890625, -9.053173828125, -1.3268408203125002, -29.0, 434.0, 202.0],4,0.15257831
340,12.111902236938477,[-98.3221435546875, -21.5277099609375, -113.785400390625, -1.8310546875, -0.54931640625, 0.91552734375, 3.592529296875, -9.0196435546875, -1.3460009765625, -30.0, 435.0, 202.0],4,0.15304692
341,12.110710144042969,[-98.3441162109375, -21.5167236328125, -113.7908935546875, -1.8310546875, -0.42724609375, 0.91552734375, 3.592529296875, -9.043593750000001, -1.3412109375, -30.0, 434.0, 203.0],4,0.15353401
342,12.468338012695312,[-98.360595703125, -21.51123046875, -113.7908935546875, -2.13623046875, -0.732421875, 0.91552734375, 3.5973193359375, -9.014853515625001, -1.3651611328125002, 21589.0, -30.0, 434.0],4,0.053501308
343,11.800765991210938,[-98.382568359375, -21.500244140625, -113.7908935546875, -2.13623046875, -1.708984375, 26.4892578125, 3.5973193359375, -9.029223632812501, -1.389111328125, -28.0, 434.0, 202.0],4,0.055677146
344,12.058258056640625,[-98.4100341796875, -21.4892578125, -113.785400390625, -2.3193359375, -0.9765625, 1.0986328125, 3.6116894531250003, -9.043593750000001, -1.4130615234375001, -29.0, 434.0, 202.0],4,0.06580222
345,12.008190155029297,[-98.4320068359375, -21.4727783203125, -113.7799072265625, -2.50244140625, -1.0986328125, 1.0986328125, 3.6164794921875, -9.081914062500001, -1.3939013671875, -28.0, 434.0, 202.0],4,0.06947988
346,11.546850204467773,[-98.45947265625, -21.4617919921875, -113.7744140625, -2.44140625, -0.8544921875, 1.0986328125, 3.6308496093750002, -9.096284179687501, -1.36037109375, -29.0, 433.0, 202.0],4,0.07175887
347,11.575937271118164,[-98.4869384765625, -21.4508056640625, -113.7689208984375, -2.0751953125, -0.732421875, 0.8544921875, 3.6116894531250003, -9.096284179687501, -1.4034814453125, -29.0, 434.0, 201.0],4,0.07403436
348,11.985063552856445,[-98.5089111328125, -21.4398193359375, -113.7689208984375, -1.708984375, -0.8544921875, 1.03759765625, 3.6116894531250003, -9.0867041015625, -1.3939013671875, -28.0, 434.0, 202.0],4,0.07739085
349,11.934041976928711,[-98.5308837890625, -21.4288330078125, -113.763427734375, -1.52587890625, -0.91552734375, 0.9765625, 3.5877392578125002, -9.072333984375, -1.389111328125, -29.0, 434.0, 202.0],4,0.08245841
350,11.639833450317383,[-98.54736328125, -21.42333984375, -113.7579345703125, -1.64794921875, -0.54931640625, 0.79345703125, 3.5973193359375, -9.06275390625, -1.427431640625, -28.0, 434.0, 203.0],4,0.08944684
351,11.553287506103516,[-98.5638427734375, -21.412353515625, -113.7579345703125, -1.708984375, -0.6103515625, 0.79345703125, 3.6164794921875, -9.0483837890625, -1.43701171875, -29.0, 434.0, 203.0],4,0.09789094
352,11.794567108154297,[-98.580322265625, -21.4013671875, -113.75244140625, -1.708984375, -0.6103515625, 0.9765625, 3.5973193359375, -9.0483837890625, -1.4465917968750002, -29.0, 434.0, 203.0],4,0.106951326
353,11.997699737548828,[-98.602294921875, -21.390380859375, -113.7469482421875, -1.708984375, -0.3662109375, 0.91552734375, 3.5973193359375, -9.072333984375, -1.465751953125, -28.0, 434.0, 201.0],4,0.116056025
354,11.734247207641602,[-98.6187744140625, -21.3848876953125, -113.7469482421875, -1.8310546875, -0.48828125, 0.6103515625, 3.554208984375, -9.0675439453125, -1.43701171875, -28.0, 434.0, 202.0],4,0.1254021
355,12.282133102416992,[-98.6407470703125, -21.3739013671875, -113.741455078125, -1.52587890625, -0.732421875, 0.67138671875, 3.5781591796875003, -9.091494140625, -1.39869140625, -28.0, 434.0, 202.0],4,0.13575283
356,12.169599533081055,[-98.6572265625, -21.368408203125, -113.7359619140625, -0.9765625, -0.6103515625, 0.732421875, 3.5398388671875, -9.10107421875, -1.37953125, -28.0, 434.0, 202.0],4,0.14687188
357,12.291193008422852,[-98.668212890625, -21.357421875, -113.73046875, -0.6103515625, -0.3662109375, 0.732421875, 3.5877392578125002, -9.0771240234375, -1.37953125, -28.0, 434.0, 203.0],4,0.1580891
358,12.282133102416992,[-98.6737060546875, -21.3519287109375, -113.73046875, -0.30517578125, -0.732421875, 0.54931640625, 3.5685791015625004, -9.120234375, -1.3699511718750002, -27.0, 433.0, 203.0],4,0.16706923
359,12.035846710205078,[-98.67919921875, -21.346435546875, -113.7249755859375, 0.1220703125, -0.18310546875, 0.3662109375, 3.5973193359375, -9.13939453125, -1.3747412109375001, -27.0, 432.0, 204.0],4,0.17197238
360,11.833667755126953,[-98.67919921875, -21.3409423828125, -113.7249755859375, 0.30517578125, -0.8544921875, 0.18310546875, 3.5877392578125002, -9.1585546875, -1.3747412109375001, -27.0, 433.0, 204.0],4,0.17501579
361,11.904716491699219,[-98.67919921875, -21.3409423828125, -113.719482421875, 0.54931640625, -0.30517578125, 0.1220703125, 3.5685791015625004, -9.13939453125, -1.3460009765625, -27.0, 434.0, 203.0],4,0.20624799
362,11.821269989013672,[-98.6737060546875, -21.3409423828125, -113.719482421875, 0.732421875, -0.06103515625, -0.1220703125, 3.5350488281250003, -9.129814453125, -1.3172607421875, -27.0, 434.0, 204.0],4,0.15224501
363,11.733531951904297,[-98.6627197265625, -21.3409423828125, -113.7249755859375, 0.9765625, -0.1220703125, -0.18310546875, 3.5589990234375, -9.0867041015625, -1.3412109375, -26.0, 434.0, 203.0],4,0.1526392
364,11.326313018798828,[-98.6517333984375, -21.3409423828125, -113.7249755859375, 0.9765625, -0.18310546875, -0.244140625, 3.5446289062500003, -9.0771240234375, -1.3412109375, -27.0, 434.0, 203.0],4,0.1528277
365,11.34634017944336,[-98.646240234375, -21.346435546875, -113.7249755859375, 0.732421875, 0.06103515625, -0.42724609375, 3.5446289062500003, -9.0771240234375, -1.3939013671875, -26.0, 434.0, 202.0],4,0.15216936
366,11.842966079711914,[-98.6407470703125, -21.346435546875, -113.7249755859375, 0.0, 0.18310546875, -0.244140625, 3.5302587890625, -9.0771240234375, -1.3747412109375001, -27.0, 433.0, 202.0],4,0.15156731
367,11.341333389282227,[-98.6407470703125, -21.3519287109375, -113.73046875, -0.42724609375, 0.244140625, -0.48828125, 3.5350488281250003, -9.0867041015625, -1.3555810546875, -27.0, 433.0, 202.0],4,0.15094973
368,11.466026306152344,[-98.6407470703125, -21.357421875, -113.7359619140625, -0.6103515625, 0.42724609375, -0.54931640625, 3.5302587890625, -9.0771240234375, -1.3316308593750001, -26.0, 433.0, 202.0],4,0.1503166
369,14.259099960327148,[-98.646240234375, -21.3629150390625, -113.741455078125, -0.244140625, 0.67138671875, -0.48828125, 3.5206787109375, -9.0579638671875, -1.3172607421875, -26.0, 433.0, 202.0],4,0.14995162
370,13.590335845947266,[-98.646240234375, -21.3629150390625, -113.7469482421875, 0.1220703125, 0.79345703125, -0.54931640625, 3.5589990234375, -9.0100634765625, -1.36037109375, -26.0, 433.0, 203.0],4,0.14952727
371,16.435861587524414,[-98.6407470703125, -21.368408203125, -113.7579345703125, 0.06103515625, 0.48828125, -0.42724609375, 3.5877392578125002, -8.990903320312501, -1.3747412109375001, -27.0, 433.0, 203.0],4,0.1494876
372,13.531684875488281,[-98.63525390625, -21.3739013671875, -113.7689208984375, 0.0, 0.244140625, -0.18310546875, 3.5877392578125002, -9.0100634765625, -1.4130615234375001, -27.0, 434.0, 202.0],4,0.14936148
373,16.67618751525879,[-98.63525390625, -21.3739013671875, -113.7744140625, -0.244140625, 0.48828125, -0.30517578125, 3.6021093750000004, -9.053173828125, -1.4130615234375001, -27.0, 434.0, 202.0],4,0.14878795
374,12.179136276245117,[-98.63525390625, -21.37939453125, -113.7799072265625, -0.18310546875, 0.48828125, -0.1220703125, 3.6212695312500003, -9.0196435546875, -1.39869140625, -27.0, 434.0, 203.0],4,0.14843628
375,12.346744537353516,[-98.63525390625, -21.37939453125, -113.785400390625, -0.06103515625, 0.6103515625, 0.0, 3.6164794921875, -9.0579638671875, -1.3651611328125002, -27.0, 434.0, 203.0],4,0.14825226
376,12.499094009399414,[-98.63525390625, -21.37939453125, -113.7908935546875, -0.06103515625, 0.9765625, -0.1220703125, 3.6212695312500003, -9.034013671875, -1.3699511718750002, -27.0, 434.0, 203.0],4,0.14799269
377,11.921405792236328,[-98.6297607421875, -21.3848876953125, -113.8018798828125, 0.30517578125, 0.42724609375, -0.06103515625, 3.6356396484375, -9.06275390625, -1.350791015625, -27.0, 435.0, 204.0],4,0.14831053
378,11.654853820800781,[-98.624267578125, -21.3848876953125, -113.8018798828125, 0.9765625, 0.30517578125, -0.244140625, 3.6308496093750002, -9.0771240234375, -1.36037109375, -26.0, 435.0, 203.0],4,0.14883123
379,11.519193649291992,[-98.6187744140625, -21.3848876953125, -113.807373046875, 1.03759765625, 0.1220703125, -0.30517578125, 3.6260595703125, -9.10107421875, -1.36037109375, -27.0, 435.0, 204.0],4,0.14954008
380,11.477231979370117,[-98.6077880859375, -21.390380859375, -113.807373046875, 1.03759765625, 0.18310546875, -0.3662109375, 3.592529296875, -9.0579638671875, -1.3699511718750002, -27.0, 435.0, 203.0],4,0.15006302
381,11.727094650268555,[-98.5968017578125, -21.390380859375, -113.807373046875, 1.03759765625, -0.06103515625, -0.30517578125, 3.6116894531250003, -9.02443359375, -1.37953125, -27.0, 435.0, 203.0],4,0.15047635
382,11.891365051269531,[-98.5858154296875, -21.3958740234375, -113.8128662109375, 0.48828125, 0.18310546875, -0.30517578125, 3.6068994140625, -9.06275390625, -1.39869140625, -28.0, 434.0, 203.0],4,0.15057813
383,11.500358581542969,[-98.580322265625, -21.4013671875, -113.8128662109375, 0.1220703125, -0.06103515625, -0.30517578125, 3.5877392578125002, -9.053173828125, -1.389111328125, -27.0, 434.0, 202.0],4,0.15043785
384,11.833667755126953,[-98.580322265625, -21.4013671875, -113.8128662109375, 0.0, -0.06103515625, -0.30517578125, 3.5589990234375, -9.029223632812501, -1.37953125, -27.0, 433.0, 203.0],4,0.1505724
385,11.735677719116211,[-98.580322265625, -21.4068603515625, -113.807373046875, 0.1220703125, -0.06103515625, -0.06103515625, 3.554208984375, -9.0100634765625, -1.3316308593750001, -27.0, 434.0, 202.0],4,0.15076822
386,12.21776008605957,[-98.5858154296875, -21.4068603515625, -113.807373046875, -0.18310546875, -0.1220703125, -0.06103515625, 3.5685791015625004, -9.0388037109375, -1.3747412109375001, -27.0, 434.0, 202.0],4,0.15069275
387,12.131214141845703,[-98.5858154296875, -21.4068603515625, -113.807373046875, -0.06103515625, 0.06103515625, 0.06103515625, 3.554208984375, -9.053173828125, -1.3555810546875, -28.0, 434.0, 202.0],4,0.15065184
388,11.844873428344727,[-98.5858154296875, -21.4068603515625, -113.807373046875, -0.1220703125, -0.18310546875, 0.0, 3.58294921875, -9.043593750000001, -1.350791015625, -27.0, 433.0, 202.0],4,0.15072769
389,11.974334716796875,[-98.5858154296875, -21.4068603515625, -113.807373046875, -0.244140625, -0.18310546875, 0.1220703125, 3.5398388671875, -9.0483837890625, -1.312470703125, -27.0, 433.0, 202.0],4,0.15113002
390,11.747360229492188,[-98.59130859375, -21.4013671875, -113.807373046875, -0.30517578125, -0.244140625, 0.0, 3.5781591796875003, -9.0675439453125, -1.350791015625, -27.0, 433.0, 202.0],4,0.1513131
391,11.85464859008789,[-98.5968017578125, -21.4013671875, -113.807373046875, -0.244140625, 0.0, -0.06103515625, 3.5685791015625004, -9.0675439453125, -1.3555810546875, -28.0, 433.0, 202.0],4,0.15135182
392,11.857748031616211,[-98.5968017578125, -21.4013671875, -113.807373046875, 0.06103515625, -0.30517578125, 0.0, 3.5973193359375, -9.081914062500001, -1.3412109375, -28.0, 433.0, 202.0],4,0.15166414
393,12.5274658203125,[-98.5968017578125, -21.4013671875, -113.807373046875, 0.0, 0.30517578125, -0.1220703125, 3.592529296875, -9.0771240234375, -1.3412109375, -28.0, 433.0, 201.0],4,0.15140888
394,12.304306030273438,[-98.59130859375, -21.4013671875, -113.807373046875, 0.18310546875, 0.1220703125, 0.0, 3.554208984375, -9.029223632812501, -1.3364208984375001, -28.0, 433.0, 200.0],4,0.15116712
395,11.74163818359375,[-98.59130859375, -21.4013671875, -113.807373046875, 0.3662109375, -0.06103515625, -0.1220703125, 3.5877392578125002, -9.014853515625001, -1.3699511718750002, -28.0, 433.0, 201.0],4,0.15115443
396,11.651277542114258,[-98.5858154296875, -21.4068603515625, -113.8128662109375, 0.30517578125, -0.06103515625, 0.0, 3.5973193359375, -9.034013671875, -1.37953125, -28.0, 433.0, 202.0],4,0.15108328
397,11.661767959594727,[-98.5858154296875, -21.4068603515625, -113.807373046875, 0.244140625, 0.0, 0.0, 3.6260595703125, -9.0388037109375, -1.39869140625, -28.0, 434.0, 202.0],4,0.15099145
398,11.797904968261719,[-98.5858154296875, -21.4068603515625, -113.807373046875, 0.1220703125, 0.0, 0.1220703125, 3.6021093750000004, -9.029223632812501, -1.37953125, -28.0, 434.0, 201.0],4,0.15077335
